94705
147913
152256
268163
365262
369335
417017
434165
480325
518579
607426
649644
746388
922568
1147858
1330829
1470030
1552059
1636701
1686157
1741863
1790243
1834018
1930395
2108351
2148200
2276335
2279351
2356771
2538218
2571420
2747606
3008922
3089572
3132815
3139938
3222265
3223450
3281230
3589974
3603940
3741390
3795057
4244150
4379865
4413881
4507568
4773243
4835762
4962988
4999282
5009464
5085028
5204351
5334930
5383822
5417888
5735495
5859874
5914190
6176975
6227407
6514401
6546196
6882293
6929748
6968845
7290202
7543304
7586418
7607277
7610212
7643051
7744294
7778198
8015453
8024570
8044292
8045469
8287256
8323158
8333641
8370005
8375081
8375444
8423513
8474211
8514397
8520751
8660829
8793056
8796696
8878684
8900737
8956776
9059089
9155315
9309675
9568756
9601516
9688967
9695146
9725150
9773231
9964390
10108717
10188439
10262808
10335238
10778322
10859561
10908555
10922614
10950505
11039016
11063997
11086165
11220749
11242554
11353663
11361653
11538336
11696076
11921606
12009843
12012543
12014129
12048091
12137983
12138466
12397999
12681527
12922696
12995565
13013599
13054620
13056982
13057588
13234947
13329416
13513112
13637634
13713475
13971382
14169425
14188796
14264890
14351480
14356482
14416498
14466570
14584741
14631769
14677001
14892818
15213849
15228379
15421043
15422918
15449815
15531363
15646996
15812067
15832410
15896850
15949236
15955817
16099692
16230098
16232186
16263470
16393372
16418461
16516630
16547769
16598769
16697400
17127878
17319862
17410496
17636837
17830547
17849754
17905134
17967684
18223654
18317685
18346021
18370841
18459752
18469864
18580653
18598740
18698564
18855976
18864671
18895208
18904135
19151602
19168766
19399360
19545884
19575257
19597826
19634581
19816528
19855303
19900175
19941667
19962116
19966164
20074341
20095669
20574171
20675788
21134333
21182470
21311897
21397758
21686682
21709449
21758424
21772101
22053833
22312515
22353546
22359613
22445427
22461903
22682901
22772929
22776254
22820730
22945011
23067190
23090037
23163481
23352599
23535743
23663613
23686102
23717106
23803267
23813362
23818622
23909757
24166212
24190336
24228391
24260293
24279889
24446815
24501187
24527480
24577189
24596640
24727580
24961026
24996832
25144462
25274875
25409230
25495834
25508362
25800551
25845472
25913938
26009598
26135234
26135938
26309103
26364331
26389151
26395317
26445807
26497796
26535428
26702196
26721090
27224378
27259497
27260613
27596525
27811380
27860133
27916317
27958199
28183262
28230984
28257591
28409064
28594481
28717854
28754829
28842170
28931305
28931873
29037027
29279181
29296135
29397441
29447736
29585120
29814174
29941062
30075140
30082943
30220853
30366577
30531667
30575468
30808491
30855781
31008620
31076276
31125680
31178793
31326691
31337275
31355775
31358296
31587016
31685847
31703767
31911665
31927484
32065321
32165404
32266859
32346499
32360173
32383141
32390673
32651537
32669350
32799659
32887643
33001815
33127621
33130609
33208383
33304999
33344847
33353500
33386322
33572668
33580399
33742429
33831091
34028599
34043562
34129690
34204823
34209351
34211393
34305246
34534165
34673914
34678529
34798988
34810574
34839346
34948253
35113994
35117331
35140785
35156272
35213441
35259681
35387658
35407576
35542077
35719779
35721014
35901552
36158431
36301454
36446337
36484854
36680205
36749633
36795649
36992580
37124681
37266943
37335318
37358825
37375661
37433042
37587392
37745014
37835460
37886660
37974981
38000525
38164984
38274659
38407782
38452009
38672349
38724009
38749640
38798187
39030451
39044300
39089430
39337057
39398132
39469712
39608427
39655020
39770639
39902740
39996428
40123032
40126312
40207649
40769653
40903410
40938794
41182056
41207926
41305681
41382127
41541652
41623809
41628710
41672648
41703654
41740815
41754757
41794543
41795326
42192476
42268425
42436034
42534156
42603607
42670667
42879248
42985167
43286304
43288048
43330048
43584011
43615462
43619832
43831774
43840318
43983917
44176335
44220519
44262973
44447851
44507092
44527492
44566386
44631254
44668606
44892875
44894166
44901757
45163319
45430322
45519867
45523226
45704571
45713958
45721470
45809350
45835214
45880284
45991218
46071827
46098784
46120098
46121835
46379765
46440368
46612209
46690891
46974179
47172117
47192655
47206282
47259792
47472964
47517327
47584952
47651172
47741422
47741783
47869245
47893814
47897527
47939029
48080523
48081886
48158181
48195789
48215837
48357845
48370870
48431999
48511686
48604643
48624689
48717179
48933714
48970988
49113763
49399287
49551747
50068400
50166852
50300251
50429665
50536240
50598199
50599553
50615626
50794931
50797735
50970569
51074376
51103625
51196353
51412655
51611046
51665938
51804358
51826022
51956775
52061146
52115582
52188503
52194980
52255793
52393298
52423977
52604246
52688972
52699195
52710027
52748259
52910747
52920204
52981930
53303621
53369877
53419072
53761362
53775528
53780151
53878189
54127179
54305807
54487309
54640282
54840934
54885030
54977446
55058914
55140335
55439052
55574634
55696740
55791396
55801860
55868130
55873659
55888123
55936255
56049358
56072181
56073037
56098010
56104281
56163565
56239736
56370468
56740312
56775849
56798455
56802858
56835104
56881070
56978871
57189405
57276081
57429216
57480583
57531091
57734745
57739847
58102207
58141462
58188552
58208459
58292677
58316404
58374775
58645164
58649771
58736727
58774329
58790854
59067848
59091321
59100876
59162830
59209628
59270504
59379541
59790350
59927472
59980979
60031503
60314630
60328114
60328294
60523056
60598648
60646698
60780636
60823113
60910314
60985817
61292588
61364026
61547780
61605490
61654646
61706792
61713141
61733269
61840416
61841875
62188404
62203246
62321099
62458182
62476684
62485514
62596353
62747568
62785180
62789872
63057854
63097401
63156281
63163460
63233039
63317046
63425508
63478971
63523604
63677391
63736787
63909569
64011107
64055829
64098341
64099061
64163371
64277955
64370362
64402934
64472833
64607311
64736205
64861068
64904309
64921671
65022312
65179694
65205604
65246926
65298069
65336105
65559063
65644187
65650994
65766717
65841735
65948519
65979699
66054881
66096758
66143312
66150609
66156049
66157413
66225626
66283988
66284960
66560776
66592222
66599661
66608888
67003836
67009578
67141164
67421612
67472301
67584255
67731443
67908091
68008403
68139714
68294964
68370426
68461262
68524305
68655323
68822592
68824848
69204185
69583885
69603336
69603399
69857851
69925458
70059830
70415440
70416898
70517466
70560563
70687347
70699041
70786286
70811332
71056201
71064418
71459671
71539972
71560381
71676599
71714762
71732690
71737212
71954407
72047600
72088033
72252036
72271147
72921253
72962424
72967792
73087672
73113628
73247385
73272676
73284497
73491461
73592440
73744854
73750654
73897130
73912741
73947298
73965457
74135342
74329016
74642788
74726632
74779816
74900693
74915506
74995955
75001293
75053031
75095465
75108736
75368600
75373084
75373952
75406847
75424096
75491420
75535643
75539649
75544230
75629186
75646052
75900134
75917483
75960701
75974244
76189900
76316677
76451757
76453325
76667500
76776138
76809978
76901371
76904487
76910539
76967476
77011067
77052323
77053086
77079970
77177861
77220343
77360190
77493679
77675051
77675911
77738024
77802604
77812572
77816388
77818368
77942232
77950874
77996337
78062541
78237571
78458117
78503043
78725174
78783241
78901678
78906469
78944215
78962749
79050553
79078038
79217417
79348817
79353249
79379870
79619619
80035542
80151306
80222168
80232921
80446023
80452152
80553137
80580026
80782398
80822516
80833405
80858157
80879042
80910542
81193465
81216894
81436607
81486121
81555524
81598063
81599216
82226142
82358942
82438948
82455491
82506888
82812411
82824401
82874137
82984452
83127356
83445930
83462484
83544855
83558568
83580764
83629612
83647241
83764857
84176753
84184792
84273740
84281679
84737256
84804387
84805489
84831677
85006627
85084944
85104451
85237043
85310034
85550145
85737078
85951744
86006440
86027701
86036241
86171776
86270168
86304001
86324640
86598894
86807123
86827960
86870972
86983834
87268502
87270054
87408451
87410525
87431544
87487327
87522641
87586696
87600809
87674738
87679599
87683730
87683896
87715889
87906122
87909980
88262640
88292473
88323303
88363240
88441156
88456876
88853643
88961977
88977211
89020443
89297833
89410671
89691981
89727749
89762758
89805785
89813049
89846405
89992157
90035052
90129046
90182036
90188143
90259102
90261133
90451970
90500578
90530100
90726778
90755428
90777140
90850099
90850996
91155664
91183623
91217000
91267166
91394976
91491936
91596373
91769021
91809147
91931335
92088089
92127156
92253293
92435643
92523483
92619955
92664081
92699182
92703926
92777070
92888406
93029921
93136541
93172089
93181402
93270688
93303755
93448591
93480356
93504135
93773665
93806858
93822133
93845842
93954380
94138700
94353321
94410597
94445608
94568681
94575797
94865426
94883254
95029402
95135730
95663111
95803518
95926554
95932448
96343263
96356307
96386500
96469058
96478659
96523346
96533231
96620911
96806343
96940328
97252848
97435604
97459350
97477102
97605921
97605975
97719112
97889921
97943098
98245636
98308931
98353957
98378922
98435894
98496278
98533586
98610168
98634965
98743403
98858436
98948765
98949053
99023198
99116299
99261880
99333667
99396301
99456601
99713991
99980731
99995943
100091182
100179706
100185275
100251891
100258697
100480013
100624500
100743087
100811311
100896282
101174551
101198859
101453033
101485792
101571687
101588453
101608634
101849794
102303363
102396419
102404861
102470353
102475328
102518817
102591846
102626644
102666369
102891726
103062563
103215034
103470915
103655241
103664982
103665996
103740933
103793567
103877575
104029342
104040501
104218120
104244089
104247303
104295207
104432777
104482817
104564736
104763641
104929283
105021799
105069706
105092290
105154358
105166411
105209441
105463507
105493621
105497986
105537681
105765453
105796240
105806853
105988111
105991077
106421810
106475160
106697951
106718121
106887475
106967356
107018664
107023334
107195090
107310357
107583957
107602778
107607972
107692127
107800709
107830297
107854478
108103823
108172915
108210376
108217690
108556447
108690645
108832879
108842333
109066126
109081583
109120390
109155230
109157518
109442510
109521592
109572743
109584444
109717706
109753993
109805289
109877363
109881589
109896873
109897919
110029762
110062483
110104865
110165439
110239400
110397359
110400147
110463603
110466822
110798869
110830136
110970372
111216263
111289752
111340254
111384233
111391184
111550744
111563407
111564634
111612628
111618330
111688679
111716406
111759382
111883356
111978698
112024904
112054119
112078339
112143691
112195422
112337072
112341055
112520586
112609198
112617167
112785526
112804695
112985408
113110707
113154373
113425061
113474482
113516691
113595441
113603167
113626888
113698759
113753595
113785564
113883291
114008756
114097767
114118034
114205405
114357865
114458812
114466516
114661339
114746552
114796074
114845698
114977963
115167376
115194304
115347600
115352244
115461135
115561276
115619399
115965954
116029360
116115574
116123959
116471941
116641476
116736861
116911566
116968439
117079118
117145806
117192226
117333877
117473170
117573829
117649825
117787027
118013133
118074255
118109902
118212332
118530289
118604136
118700751
118707352
118740033
118883610
119026368
119144093
119146870
119154154
119206477
119464074
119469485
119530189
119709061
119820666
119928713
120074856
120287242
120384644
120502094
120567067
120608828
120826253
120966308
121000047
121001676
121508014
121588811
121685735
121830811
121882098
122156629
122241553
122338329
122380992
122431025
122500770
122557550
122636369
122697854
122823073
122825736
123019625
123032806
123146913
123515942
123546041
123552343
123597579
123692355
123748866
123785218
123857041
123981100
124047470
124277615
124558872
124965933
124971640
125220628
125239826
125295327
125314400
125522930
125632839
125737001
125879101
126089495
126144350
126160657
126318409
126348470
126378524
126507146
126556148
126654938
126665741
126683021
126686099
126819492
126966280
127068377
127158942
127234725
127244004
127419528
127422119
127505361
127549128
127652741
127656299
127740686
127767439
127824017
127839551
128132297
128149628
128154919
128335117
128359854
128362431
128383104
128467792
128731843
128824929
128834182
128919449
128930800
129208412
129362625
129468526
129474573
129509339
129600506
129738695
129943916
130010133
130091756
130140029
130156621
130297513
130410416
130412620
130511199
130861251
131099556
131198405
131224578
131311380
131725553
131761165
131914435
131951535
131957809
131990931
132225801
132229607
132371816
132374395
132428209
132503192
132549287
132555297
132650913
132694086
132747764
132810535
132872573
132987412
133006265
133172627
133196793
133199065
133236908
133358418
133361432
133379061
133413381
133654645
133738611
133830795
133885030
133885560
133925991
133996213
134032270
134057634
134109217
134132144
134143180
134150898
134185680
134186950
134330525
134646764
134716041
134728170
134871396
134994538
135046635
135091280
135151573
135280061
135307566
135910822
136045399
136173780
136189564
136246347
136370683
136422904
136505841
136672419
136967722
136995566
137552703
137561430
137697345
137905767
137924412
138032243
138137979
138457382
138623823
138922177
139075916
139102053
139183335
139420048
139458887
139497563
139624774
139674550
139784957
139858316
139894909
139921820
140182641
140188332
140234074
140314242
140372362
140460265
140577805
140760050
140773759
140783974
140958008
141047641
141287056
141367674
141412388
141501387
141541182
141671694
142137280
142242421
142254268
142312366
142731037
142780050
142788671
142844844
143042244
143097287
143145549
143234536
143313410
143326938
143380642
143537375
143635513
143665620
143770368
144001553
144136283
144226044
144412747
144554131
144710652
144716923
145215227
145306576
145307055
145415176
145457496
145463547
145605336
145831489
146043520
146071805
146207482
146211114
146212303
146695101
146805017
146831186
146873285
147127503
147161056
147322448
147370042
147599193
147756663
147875033
147961661
148080740
148189092
148191045
148225625
148314735
148496989
148554469
148761728
148815059
148919601
148941318
149214761
149457791
149603872
149729742
149750781
149752889
150159298
150219975
150255507
150320696
150409206
150459753
150524113
150618959
150691060
150823762
151112864
151140781
151174831
151303725
151631814
151667429
151712047
151854237
151903942
151981248
151985070
151991755
152137100
152180018
152228155
152751385
152768798
152797424
152801984
153024440
153217677
153248363
153306698
153409169
153440778
153791742
153861062
153907213
153942978
153948966
154077094
154112660
154145715
154309811
154309936
154323876
154343324
154490133
154608951
154885542
154938158
155023554
155074291
155085751
155353254
155452526
155504677
155818386
155841837
155986127
156155682
156176011
156501944
156713390
156913577
156915270
157025501
157167925
157182839
157265326
157475060
157489866
157528645
157581828
157617419
158086216
158117150
158173321
158183800
158277214
158278013
158492937
158525669
158526277
158571076
158655983
158925880
159015271
159027181
159163946
159165325
159301594
159392057
159485372
159500261
159885226
159903999
159947527
160221691
160265972
160330300
160355776
160455857
160585782
160795351
160843293
160844305
160866074
160982652
161002443
161609568
161624221
161703315
162018008
162199555
162201953
162204398
162356903
162389850
162527691
162676137
162679984
162809384
162852591
162967919
163014326
163067481
163212726
163217488
163382259
163753182
163792918
163833831
164013233
164147275
164209847
164303960
164407297
164440385
164523573
164667692
164710982
164790409
164880483
164944745
165075987
165085785
165242741
165299483
165363393
165536470
165708844
166015489
166312947
166362742
166575138
166616651
166630881
166806123
166871140
166902536
167069589
167100661
167194260
167211833
167324872
167327799
167350064
167393255
167398259
167497034
167571772
167655930
167665002
167937091
168022507
168033748
168122716
168155333
168156768
168248612
168281963
168433048
168529630
168557529
168582782
168709037
168792273
169011400
169063888
169107559
169171714
169235499
169247020
169287181
169339117
169380273
169492022
169555548
169717872
170028780
170064527
170075414
170213061
170242857
170289362
170293970
170342467
170568154
170859201
170885997
170886506
171025033
171201855
171355766
171527901
171795795
171895533
172028973
172110111
172175665
172667604
172796185
172967084
173189861
173194174
173264257
173288056
173355833
173509324
173574447
173619314
173738820
173809222
173825202
173893879
173924370
174077695
174168160
174206583
174210587
174250074
174403258
174437601
174663677
174665830
174932246
174967614
174974350
175103232
175157224
175168496
175240521
175260308
175324917
175472701
175507044
175578998
175845229
175869113
175879711
176062939
176072872
176080139
176099732
176427686
176430504
176482581
176510485
176519098
176640326
176658773
176796927
176874769
176936202
176967836
177117363
177150265
177157321
177235693
177288713
177421477
177430005
177766452
177798482
177836976
178198275
178561224
178732479
178828683
178828868
178898061
178961831
179026002
179185527
179440158
179652381
179732217
179841565
179977313
180004170
180048653
180075001
180274457
180292528
180564532
180566766
180597123
180612931
180832667
180915206
180916701
180934322
181093144
181212271
181252675
181260611
181280406
181375870
181414087
181485305
181529778
181592349
181665585
181685509
181709730
181717242
181882711
181923315
181969537
182106563
182112409
182202826
182255996
182277707
182365937
182562205
182590192
182798288
182860232
182914912
183021407
183074511
183107658
183420811
183501374
183697456
183836266
184046444
184097601
184115862
184229289
184233654
184463796
185092603
185135440
185180180
185203297
185278462
185297610
185329935
185348661
185384488
185430471
185475472
185653512
185772251
185907390
186062378
186070656
186199396
186375494
186464348
186701361
186819822
187023714
187106717
187150745
187151128
187157500
187186530
187302257
187599746
188025312
188117481
188184924
188231792
188243614
188287362
188422002
188427882
188474093
188701184
189000069
189090817
189278457
189408946
189548981
189644839
189662862
189919016
190005665
190047686
190208653
190208769
190311183
190356417
190360285
190431263
190509735
190658260
190661185
190777906
190796010
190843209
190974958
191107763
191247242
191284311
191324351
191517255
191661780
191675428
191736923
191738148
191817485
191830553
191961766
192041800
192156415
192189190
192202437
192545364
192918604
193022032
193139326
193218216
193313107
193368318
193458812
193559151
193695608
193740774
193822405
193971438
194000951
194145557
194149070
194268299
194374851
194539062
194694522
194728916
194741184
194902721
195063518
195226320
195308306
195419041
195537190
195550623
195779450
195809363
195836491
196055179
196064699
196105748
196231058
196274497
196355745
196646466
196693775
196730814
196812131
196828986
196836721
196871647
197107545
197151970
197174033
197400217
197503872
197505212
197625716
197631359
197856216
198202366
198234094
198235188
198403700
198626226
198645963
198677319
198685874
198737072
198990904
199182107
199272830
199282244
199328203
199340807
199372738
199551961
199774624
199782279
199818066
199874952
199998257
200086711
200279075
200560319
200644185
200673669
200813939
200953584
201014921
201261108
201352017
201466047
201594451
201598082
201622349
201679105
201963596
202090804
202213422
202247722
202276014
202305645
202405431
202592046
202634682
202684490
202912379
202924637
203046607
203048524
203089709
203093875
203181421
203236023
203329743
203444306
203444599
203487110
203563298
203825389
203858914
204004726
204242474
204267028
204306410
204326523
204349795
204352021
204488803
204592646
204595190
204714024
204804540
204863331
204910994
205096133
205100348
205256835
205574343
205623037
205664958
205712945
205758030
205831784
205868020
205906997
206122051
206173825
206194339
206276050
206537828
206591013
206898459
207003173
207011937
207053707
207231095
207274463
207319679
207496420
207525557
207622159
207718940
207823883
207893979
208069903
208452602
208600713
208602948
208721743
208868272
208869609
209090905
209096270
209253626
209401539
209500190
209601437
209629193
209689250
210078873
210078901
210081311
210122829
210272946
210526353
210635087
210647917
210721095
210763618
210804728
210898433
211002895
211035010
211172017
211233669
211497127
211624203
211715846
211848360
212281064
212400340
212496581
212498091
212683655
212714053
212735429
212806247
213252062
213401273
213669888
213772315
213904976
214180778
214365438
214625773
214667946
214684751
214944832
215163296
215447403
215706432
215815431
216228264
216308760
216668553
217003333
217228306
217270416
217312704
217348462
217495720
217584478
217587538
217764419
217856863
217978010
218002644
218029402
218215293
218316644
218384707
218568441
218887747
218896925
218927717
218931985
218955036
218998366
219074223
219200850
219222385
219258969
219406212
219407449
219542265
219759532
219846503
219851496
219865251
220152731
220162812
220167402
220296772
220357237
220439206
220445537
220755221
220811091
220884583
220976712
221021596
221043264
221044005
221092645
221179273
221199877
221313709
221474339
221482371
221539287
221891123
221902510
221976761
222112915
222159216
222245112
222399474
222499367
222570925
222575091
222580168
222725229
222730366
222761477
222850674
222859605
223350969
223514306
223567202
223679766
223697253
223798949
223813267
223996752
224091021
224268202
224362458
224383050
224401835
224575613
224714249
224764387
224905225
225022451
225071030
225250516
225301351
225390705
225441551
225448112
225473985
225495765
225571883
225576106
225715924
225882158
226031029
226135342
226309281
226311313
226340377
226375174
226533954
226668181
226710235
226972348
227177676
227348338
227484737
227840157
228017090
228105232
228355223
228377429
228495728
228521265
228529204
228828168
228936825
229027798
229060329
229134121
229428228
229531325
229535486
229558689
229600996
229751751
229879217
229942562
229971078
230396079
230567978
230751166
230795248
230805530
230899821
230946066
231108912
231237914
231246254
231667971
231755755
232017098
232021943
232421639
232564506
232573754
232598066
232617907
232804182
233023658
233147233
233197965
233338385
233347015
233351929
233617673
233695225
233890451
233919350
233975753
234063799
234111237
234148232
234238121
234292928
234423400
234560636
234625647
234688930
234704059
234743891
234887850
235066916
235069009
235196183
235474275
235540200
235799753
235893408
235925658
235926220
235938315
235990262
236066619
236341835
236387487
236427275
236449954
236476764
236556929
236617270
236626795
236706705
236825065
236875583
236886447
236914970
236971965
236985871
237012662
237192598
237372454
237399199
237748848
237753068
237921066
237924480
237930076
238061526
238073210
238109071
238184083
238184319
238258046
238258574
238337097
238422822
238569129
238578160
238612429
238705184
238762159
239096146
239116359
239128276
239296392
239328303
239432430
239465210
239492839
239576419
239581953
239833931
239843290
239893830
240097274
240163740
240337516
240347521
240382279
240470961
240655408
240665287
240886362
240955401
241190182
241236255
241247849
241259023
241282125
241283713
241378585
241434533
241601493
241619579
241698013
241735560
241758609
241829815
241913074
242182426
242196529
242236724
242254728
242381550
242395434
242479399
242532252
242548339
242780621
242875642
242886408
242954295
242969192
243394162
243519917
243520244
243558333
243799257
243833784
244012681
244210513
244468034
244472927
244656124
245100907
245105395
245203411
245291875
245302289
245364706
245608219
245798059
245804436
245826596
245960934
246154679
246238877
246275463
246286423
246613211
246654358
246662021
246705906
246733667
246934165
247001528
247048401
247094133
247107130
247107287
247241068
247313921
247319924
247328633
247643887
247657550
247830468
247892462
247975751
248183556
248190575
248198489
248199501
248278361
248383986
248598820
248757032
248776494
248845463
248870249
248871778
249016926
249027274
249070395
249152286
249211951
249326792
249337257
249423491
249449298
249505216
249795139
249984014
250069026
250153872
250286336
250339996
250358325
250461829
250494085
250519675
250560168
250749742
250909124
250946026
250955719
250994279
251048284
251143828
251150427
251223086
251275551
251286906
251383372
251449521
251453073
251516705
251724953
251727221
252234357
252366817
252513921
252675370
252681666
252691805
252782152
252837993
252934390
252945344
253056991
253085090
253155743
253288592
253313994
253423636
253586618
253589815
253602194
253771532
253832447
254014372
254043971
254050165
254101285
254237560
254274510
254295265
254323377
254373254
254374364
254451881
254474808
254607526
254663622
254700394
254746820
254821335
255094601
255117588
255426530
255564905
255997984
256073414
256291111
256335992
256496023
256598466
256601859
256605654
256771620
256787388
256789426
257018306
257063565
257087109
257233647
257422614
257424161
257426756
257464735
257468953
257649115
257813342
257915314
257989888
258010535
258179964
258321173
258452020
258471164
258738867
258771820
258913433
258947619
258994972
259064453
259100293
259103387
259334698
259357255
259489651
259502062
259719584
259721133
259994253
260013709
260015740
260051129
260275297
260292017
260517625
260601233
260606440
260720134
260824199
261003183
261004482
261099803
261152443
261340254
261534980
261677457
261773862
261841772
261867268
261902004
262043100
262095359
262185485
262186948
262268585
262285592
262640830
262646941
262686171
262693478
262740493
262742883
262777843
262786321
262847976
263000214
263137320
263149498
263274918
263325851
263485918
263655896
264093968
264098212
264130964
264406776
264461972
264487537
264537408
264562412
264879186
264950569
265085736
265266340
265363307
265460733
265580694
265610123
265780546
265784559
265807618
265820360
265866668
265966858
266011791
266060009
266232961
266326702
266334990
266351451
266600414
266685645
266758758
266828484
266940610
266961123
267229829
267373792
267495823
267535926
267574832
267606457
267629790
267651054
267920699
268081868
268209710
268267928
268300822
268313458
268481185
268503379
268527602
268542160
268552118
268585378
268600062
268616525
268625722
268645006
268763719
268811879
269074526
269179684
269187953
269274652
269438678
269450573
269460581
269526335
269536163
269676248
269691488
269723709
269732922
269857932
270044592
270096634
270404173
270586793
270806522
270907821
271003410
271042360
271252309
271406082
271416537
271437427
271465230
271480584
271661664
271759011
271852944
272097581
272185528
272254030
272415635
272420977
272661559
272703177
272775537
272782060
272853266
272914194
273167802
273306795
273415346
273505641
273541992
273551844
273803428
273996841
274079840
274122218
274146961
274163231
274177916
274509151
274525771
274526452
274935096
275006295
275053222
275147741
275255478
275300099
275413460
275538308
275679511
275885565
276075839
276224605
276229428
276411900
276497495
276688198
276718392
276806690
276817050
276958824
276987380
277142646
277162849
277297966
278005484
278093276
278234402
278265220
278345457
278354888
278369280
278484633
278612620
278717368
278843298
278915935
278934475
278947650
279003445
279004444
279138136
279296917
279302131
279587506
279706786
279713351
279758207
280021582
280184652
280394328
280622238
280641721
280662325
280671034
280937357
280947489
280950145
281131673
281356770
281504269
281574477
281793056
281793830
281796886
281846134
281957278
282178248
282291294
282391088
282394782
282652814
282774549
282797911
282805047
282865262
282885354
282936047
283041376
283084990
283335816
283396974
283523048
283895546
284136950
284442309
284481029
284569087
284588753
284615817
284628288
284634759
284637605
284888225
284926797
285360637
285545967
285672875
285700155
285775249
285821666
285937057
285949329
285951588
286041548
286112841
286222580
286363076
286572815
286704254
286709259
287026142
287224336
287455928
287531643
287611204
287621203
288131689
288219965
288266968
288267795
288606920
288651443
288710014
288845851
288890821
288978140
289059588
289156985
289164811
289224133
289356682
289423906
289442679
289563601
289630788
289764247
289875724
289925038
290079251
290155651
290300539
290393842
290695384
290836238
290858866
290946399
290971145
290990443
291121161
291222325
291393769
291433943
291540740
291570166
291584871
291607730
291842442
291862459
292017859
292204640
292464288
292647655
292752124
292833118
293082934
293385498
293449032
293925301
293945692
294013257
294018932
294030604
294289090
294424710
294609524
294743401
294918971
294932151
294935474
294939663
294974021
294980595
294998559
295070344
295430370
295540199
295577901
295580148
295653178
295668652
295761027
295889749
295983223
296059949
296060033
296247655
296286641
296556599
296889356
296894791
296941958
296977856
297023633
297065446
297297709
297437989
297509642
297565308
297601667
297650458
297666047
297782304
297799315
297887866
297969602
298166304
298247489
298260184
298446342
298468375
298569075
298760616
298888419
298898563
299077328
299252598
299279926
299402627
299423017
299466118
299474958
299488289
299517910
299566296
299614733
299696852
299704520
299792027
300141791
300240744
300293295
300458823
300471752
300667986
300841093
301127403
301352815
301616863
301751758
301962671
302006690
302054458
302120699
302241210
302327292
302353494
302379477
302427308
302443213
302508632
302759990
302819054
302983607
303279946
303284321
303291059
303299178
303478613
303757838
303823768
303920858
303933495
304060033
304066996
304187290
304187765
304228227
304322342
304467037
304597208
304640472
304697694
304783821
304786332
304786700
304882470
305024374
305025809
305147248
305157509
305184205
305244212
305247916
305272639
305616755
305740824
305874936
305890050
306054508
306207376
306320654
306339983
306510628
306670010
306742239
306775746
306820494
306831331
306937232
307097614
307100376
307230347
307241739
307373859
307377082
307518804
307598591
307745539
307787668
307861120
307872604
307878970
307880510
307968915
308016874
308187310
308284650
308368161
308372576
308747961
308792001
308879073
308923229
308923866
309028500
309098965
309296149
309441190
309483862
309501770
309705987
309799112
309968489
310005999
310032191
310288599
310332516
310473859
310781934
310787987
310832353
310932411
311045862
311143853
311289451
311406261
311423763
311431708
312132272
312330065
312414525
312460524
312479281
312506679
312541365
312564674
312728148
312876378
313110869
313181374
313186398
313254011
313319245
313472862
313644453
313650972
313656219
313725092
313830194
313921826
314045642
314160920
314190883
314229040
314231052
314375172
314558270
314607343
314753334
315156251
315193456
315362607
315560110
315630771
315635798
315696329
315841138
315976878
316000921
316041680
316054638
316060220
316146703
316147760
316240534
316359205
316526431
316644877
316777726
316819930
317177486
317236727
317336081
317813127
317908157
317959365
318047966
318194353
318230619
318378329
318959770
319110807
319176851
319191056
319228932
319319078
319507170
319557345
319600378
319606054
319612184
319616648
319635552
319722802
319866926
320018541
320316803
320405058
320561811
320761669
320777512
320993785
321101173
321180535
321222621
321362255
321552253
321579212
321589003
321655017
321871062
322092199
322099985
322128144
322146554
322224749
322273344
322315798
322407985
322511106
322819926
322903382
323035871
323089467
323099252
323285995
323487527
323504413
323678718
323781947
323856100
323946631
323960632
324016447
324147351
324257015
324338888
324630838
324897530
324899636
324947272
325324170
325329745
325375799
325633536
325690303
325718889
325782763
325948930
325957129
325970779
326125594
326145727
326305302
326405085
326405692
326593819
326607136
326902138
326990365
327062811
327374163
327436104
327465269
327544422
327552232
327558843
327591081
327816059
327816967
327822227
327865775
328012544
328220366
328222922
328233597
328283957
328327640
328405815
328420895
328604448
328695203
328772405
329119155
329318280
329356457
329425302
329453579
329557156
329589755
329723155
329730152
329767230
329894483
329945875
330011221
330109195
330402648
330504837
331000129
331052729
331309843
331505106
331532539
331618998
331684169
331893924
331908399
331987896
332141927
332181602
332182602
332184003
332244829
332319947
332352973
332375343
332819346
333169134
333273450
333308047
333399693
333462483
333719350
333868341
334132593
334301443
334304839
334343107
334414291
334546358
334630871
334762291
334815726
334817408
335046298
335115271
335275099
335364526
335464261
335806569
336007230
336457816
336570081
336637108
336648426
336690263
336723084
336769709
336919875
337055066
337139249
337553802
337613492
337660885
337676107
337888692
338132019
338845197
338950767
339270471
339362180
339395280
339501281
339595738
339688523
339845644
339870077
339959967
340213296
340250281
340270931
340275312
340312016
340394382
340402549
340403548
340434010
340529165
340529602
340586587
341431446
341629593
341801551
341811315
341811571
342002529
342045555
342048779
342077102
342403168
342413287
342455923
342534707
342545297
342614350
342714528
343088397
343130763
343267781
343492227
343705944
343714536
344225526
344231116
344351855
344495469
344619878
344797212
344821556
345137039
345164285
345184649
345263192
345390841
345436659
345488204
345607307
345746512
345759667
345891875
346000041
346170348
346252011
346262449
346306010
346335718
346364076
346478948
346575020
346607292
346607937
346703180
346768350
346898130
347198807
347290935
347442035
347496870
347536896
347659919
347839875
347944693
347992765
348002076
348165333
348223571
348271329
348670812
348893584
348929569
349034221
349065429
349068510
349087972
349251853
349338029
349409331
349439951
349792216
349835971
350248151
350293311
350294683
350305803
350437620
350664212
350729260
350883124
351025619
351062809
351206780
351308451
351339311
351475456
351723798
351934545
351979314
352177332
352241796
352244551
352483116
352616933
352679309
352698400
352898165
352939001
352981609
353027101
353058315
353121613
353327738
353491069
353618249
353622918
353711280
353795725
353811713
353847162
353933392
353939535
353944358
354067563
354120956
354160214
354246766
354575792
354602121
354613142
354712706
354747479
354951899
354967665
354988311
355087400
355195021
355468603
355471081
355526785
355562521
355873615
355930709
356059661
356072257
356172919
356259636
356265382
356350413
356388456
356435540
356693890
356713294
356745162
356782321
356805765
356810367
356833011
356842927
356853842
357033113
357060686
357124108
357212446
357217060
357260367
357389125
357442001
357452165
357552561
357560496
357601385
358011899
358061775
358158135
358198995
358358624
358496209
358614236
358615185
358615587
358753782
358790042
358971992
358987518
359032008
359121033
359132940
359153434
359253886
359259487
359436352
359603207
359890027
360216703
360244636
360306363
360332230
360477180
360520538
360582647
360646196
360947546
361050649
361084488
361167081
361199839
361213717
361214402
361256795
361257942
361404670
361555235
361596709
361840958
361880646
362030222
362145339
362211720
362516650
362625727
362730158
362873397
362972307
363027785
363172590
363198495
363207563
363232841
363672123
363714717
363937265
363966219
364018454
364051603
364108250
364529605
364610055
364687573
364698580
364833499
364879737
364926847
364940725
365072278
365072346
365115393
365252078
365290489
365468942
365474869
365509880
365604953
365732147
365918169
366027828
366107894
366119742
366395096
366456898
366710241
366816963
366897297
366942247
367013815
367051113
367281940
367338557
367619815
367667770
367731418
367913068
368067863
368257851
368434294
368664380
368704046
368710463
369432446
369464388
369573288
369607437
369616547
369732172
369889825
369928553
369938553
370027006
370078867
370103963
370116529
370230869
370314478
370330461
370348759
370375510
370431003
370647084
370652608
370653969
370774369
370789449
370841138
371187456
371278003
371346751
371411994
371416260
371479270
371614707
371636636
371736041
372142622
372146837
372167493
372205605
372235473
372392690
372420113
372532923
372615948
372754291
372836252
372872863
372879052
373028583
373028665
373110221
373196159
373240740
373347777
373381996
373406746
373437684
373514984
373539864
373750874
373821537
373925630
374300324
374337908
374343030
374381790
374458647
374587473
375009889
375044296
375092286
375105343
375291777
375373862
375510686
375527533
375553604
375557515
375613174
375683270
375860560
375916444
375931172
375956029
375957205
376087034
376153152
376235278
376362901
376418524
376543161
376645277
376704296
377018840
377019749
377070216
377525616
377587054
377872650
377956906
378157302
378223060
378250690
378646646
378680336
378680557
378824102
378901076
378915383
378959881
379107192
379136993
379210727
379238180
379420919
379444289
379471221
379606410
379701872
380431519
380573035
380843604
380890021
381084738
381150924
381177614
381194980
381248105
381265707
381403403
381633394
381645270
381649265
381674468
381773847
381906738
382033739
382059070
382177450
382271855
382279539
382285369
382508966
382519663
382571908
382696656
382879913
382953939
383136371
383288202
383372541
383609177
383611057
383675265
383735845
383776644
383870759
384132244
384203601
384233555
384361140
384399125
384549881
384735918
384766311
384829434
384877516
385104807
385144839
385186961
385260070
385294168
385582133
385691908
385696330
385750173
385772860
385859580
385867517
385910905
386308989
386332811
386494820
386595198
386604082
386719418
386774072
386909030
386947364
386973722
387043160
387045964
387081539
387144270
387172896
387307817
387311923
387396194
387401653
387560733
387601434
387720161
387829640
387850599
387940305
387940766
387957701
388110287
388139495
388169311
388229709
388274210
388317858
388319576
388381507
388465689
388472335
388493689
388691680
388829480
388920448
389049269
389283348
389689949
389814177
389879617
389963225
390236325
390426505
390473467
390543632
390594204
390903097
391075896
391123929
391222721
391326976
391528832
391578458
391597610
391641372
391643624
391717200
391820200
392082840
392209331
392229077
392243293
392308941
392392366
392602403
392635678
392640514
392669817
392681938
392819907
392849508
392859395
392893976
392941955
392993091
393006401
393130693
393191211
393269050
393285948
393310963
393588277
393952149
393954202
393956579
394141880
394180672
394189681
394213689
394261915
394266951
394311252
394379117
394537223
394546502
394646904
394675767
394786178
394824128
394860172
394864849
395000950
395127647
395135077
395146720
395259148
395404321
395734295
395772029
395823100
395921845
396144196
396146717
396166704
396167982
396222280
396301581
396312138
396397183
396449889
396499765
396542612
396998873
397094070
397366785
397529488
397905000
397918225
398012305
398029951
398212111
398262628
398489597
398498401
398713413
398764031
398764755
398819009
398958183
399122565
399231719
399485591
399549616
399675854
399677313
399737185
399848312
399867016
399984493
400041190
400089389
400123274
400410548
400621594
400760464
400952809
401038949
401461463
401463400
401572635
401671294
401804288
402027695
402137954
402254769
402276456
402344749
402353684
402458454
402727032
402759476
402984404
403045742
403086533
403123589
403472422
403637772
403816720
403827926
404041164
404049383
404111908
404186702
404212612
404220569
404523016
404571234
404626002
404717088
404842270
404933654
404994308
405231083
405260590
405359972
405407838
405446282
405502117
405537196
405537879
405765454
405794118
405813240
405817980
405844438
405884459
405998171
406265866
406444427
406659438
406661853
406715833
406864723
406908147
406993929
407026500
407031302
407134727
407137165
407168602
407314608
407744707
408131870
408233149
408478225
408656025
408660090
408998605
409116436
409220396
409654529
409704061
409811124
409859467
410175789
410338712
410665007
411220941
411253624
411355863
411402021
411409452
411453123
411472097
411563324
411573859
411660123
411805866
411809557
411864271
411892127
412091451
412222469
412483562
412629808
412630682
412662990
412762404
412849237
412886483
413056688
413089352
413247186
413674114
413726227
413743303
413765437
413925762
413985161
413992057
414164661
414244205
414290986
414501966
414857183
414895731
415032990
415157779
415340971
415387812
415428899
415607617
415725044
415766487
415810098
415944681
415969235
416171881
416196977
416286722
416291740
416669551
416690837
416759002
416902335
417041473
417045422
417153991
417192116
417205247
417350165
417495780
417511214
417522892
417647584
417695046
417719968
418059508
418175628
418402261
418514437
418518291
418558769
418717839
418982728
419070463
419071506
419297639
419358320
419583439
419653297
419797109
419803602
419803951
419832204
419970731
419981683
420257917
420258004
420269265
420381560
420795550
420829118
420969899
421025023
421104328
421336347
421629401
421787272
421839429
421946573
421969338
422075909
422336799
422471213
422575918
422762895
422837494
422840354
422846003
422977719
423007098
423035433
423071914
423422350
423511213
423539147
423563450
423608384
423754018
423759788
424028139
424079135
424209838
424250065
424477467
424483401
424687850
424791486
424873733
424901872
424979085
425015378
425195457
425209128
425523825
425615726
425827309
425887711
425980439
425981552
426199528
426251508
426327179
426527181
426557490
426576124
426717226
426729666
426794356
426798228
426848666
427216078
427302488
427353360
427425607
427511218
427602614
427640554
427967030
428092199
428242040
428277714
428377927
428430442
428477420
428513730
428654861
428745457
428870255
428875681
428892815
428915033
428981880
429070795
429234229
429481269
429509086
429527261
429658713
429700746
429883743
429975221
430099327
430196081
430256801
430296304
430457139
430468531
430511805
430571273
430871691
430872552
430914301
431136993
431201399
431456704
431806898
431822684
432186671
432245685
432526108
432568151
432704707
432962293
433002259
433095488
433162262
433279469
433284799
433346726
433741115
433832499
433893457
434095048
434108321
434235405
434236422
434298005
434347071
434477983
434518959
434551169
434556535
434692769
434737219
434786520
434825932
434959656
434960096
434971146
435054582
435148776
435406317
435473055
435552700
435651186
435703717
435880630
435979068
436000998
436044456
436053518
436189926
436202390
436451348
436472681
436602835
436636608
436798997
436848173
436920715
436934482
436937199
437058770
437152383
437276762
437366606
437377197
437377456
437391725
437561065
437591496
437699463
437834445
437885083
438106796
438133153
438186405
438227088
438229337
438272452
438274397
438278252
438320751
438427731
438553859
438597576
438605685
438617455
438647221
438652781
438949292
438960859
438969525
439012424
439054635
439060794
439101470
439194684
439241534
439319296
439454273
439527854
439555301
439604931
439959822
440158587
440403410
440462645
440694780
441099968
441194414
441248396
441380472
441412500
441460293
441550815
441557592
441611171
441736012
441767937
441789840
441822737
441827546
441844841
442085778
442105173
442106229
442413981
442426924
442435411
442522457
442565787
442603997
442655470
442935352
443004347
443049866
443135494
443356956
443516582
443777636
443815370
443878548
443921092
443962084
443967933
444000316
444009447
444016000
444062928
444116445
444157393
444334251
444403799
444414681
444447458
444537974
444609135
444684350
444808239
444835258
444865203
445131874
445140695
445155557
445259903
445366072
445471485
445783189
445833360
445913646
446009926
446019118
446043196
446051792
446330226
446427879
446434027
446629063
446739391
446815904
446946721
446954307
446972530
447049868
447097713
447109607
447132287
447316026
447363723
447595301
447719243
447742216
447745836
447863470
447864393
447899278
447901890
447917791
448094849
448378808
448458367
448474965
448513842
448645095
448651581
448658615
448674477
448822304
448835143
448835361
448855533
449058827
449063151
449101396
449102406
449270617
449287364
449505587
449514534
449655763
449780476
449945120
450056974
450178103
450372567
450508383
450634953
450724977
450739047
450756708
450768962
450881226
451215258
451220959
451271002
451821709
451862715
451879375
451992541
452150347
452378605
452441053
452464895
452680337
452784888
453123473
453221066
453313541
453321247
453374462
453374800
453406671
453497202
453580534
453652971
453782331
453807272
453853775
453860110
453870979
453936256
453948043
454004184
454260790
454266670
454276085
454686163
454771188
454955944
454993057
455174044
455216674
455313185
455333779
455420203
455681122
455684832
455776733
455994836
456122880
456184510
456192797
456357861
456576598
456629738
456725200
456762033
456765920
456863139
456913595
457076208
457350292
457536384
457633657
457634480
457960145
458125625
458577660
458798599
458821661
458841952
458862814
458872143
458876287
459054285
459122378
459131238
459160863
459166431
459498961
459724503
459777138
459785291
460078593
460088513
460224397
460225779
460576987
460713019
460824423
461074368
461095692
461173658
461308011
461393030
461397432
461757489
461862497
461916049
461951454
462166224
462578056
462733774
463000151
463096387
463127099
463206558
463357445
463438041
463534706
463705360
463708130
463915057
463952123
464180505
464232399
464304294
464357740
464364794
464445788
464481766
464634200
464914606
464938188
465091213
465250826
465343300
465392083
465445516
465535264
465545882
465588872
465677716
465720163
465844300
465853807
465885261
465906986
465996931
466043642
466049186
466169229
466317337
466342801
466442403
466611663
466764574
466808947
466980072
467316342
467360389
467523652
467622681
467680506
467701048
467986952
468069729
468073681
468142666
468219455
468453751
468457337
468564824
468577601
468747048
468762783
468777737
468818101
468934312
468944766
469349345
469393758
469438365
469480075
469548598
469658555
469681916
469887109
469947756
470212367
470213218
470389858
470504630
470700955
470701448
470885249
470986234
471070726
471090941
471176546
471177810
471302286
471311381
471345726
471355066
471523745
471634896
472042376
472298802
472352641
472386978
472443330
472543324
472546596
472625938
472728663
472802062
472810226
472879367
473128575
473226624
473253046
473272633
473294328
473436274
473442993
473487786
473492073
473627909
473703767
473897710
473942155
474036139
474353835
474359618
474535865
474746522
474982813
475291436
475376753
475439035
475497367
475615933
475698375
475709242
475727241
475888712
475930946
475945530
476219187
476266628
476360689
476485849
476817217
477028232
477092425
477193262
477206769
477258179
477437925
477538476
477563522
477747009
477792748
477856826
477900525
477942689
477975586
478150187
478309250
478352609
478421870
478442887
478476734
478613024
478748051
478751282
478931870
478936128
478992961
479034637
479160305
479211161
479527570
479571474
479796605
479935427
479981287
480105745
480161317
480223445
480312685
480423333
480446292
480618751
480699873
480760285
480882248
481013818
481031414
481298849
481300061
481610834
481794569
481809618
481878861
481920656
481943943
481992214
482111635
482246798
482291099
482311585
482432153
482554794
482561891
482563777
482571496
482698137
482715132
482716921
482782672
482885285
482888722
482930703
483027679
483157313
483204255
483214625
483262576
483669170
483709247
483803637
483837179
483943442
484063348
484646290
484717090
484795908
484852067
484974353
485033860
485043198
485240459
485509387
485576232
485706375
485741302
485761189
485842282
485928016
486221373
486241591
486261097
486383136
486524628
486673526
486794826
486827316
486838997
486852246
486890322
487115527
487145078
487255103
487419583
487420884
487434878
487473809
487751432
488018042
488064662
488073943
488162557
488714942
488805982
489239840
489286873
489372443
489442605
489446435
489484413
489563596
489713907
489737304
489833213
489865720
490026447
490196172
490327572
490347704
490356260
490420522
490524402
490564076
490594486
490601349
490689360
490912556
491254918
491397799
491558089
491593950
491615708
491641864
491664775
491734429
491934532
492061441
492106082
492327819
492367472
492433668
492613225
492797185
492887457
492893870
492894328
493005187
493058835
493092764
493238055
493293142
493335343
493386631
493422014
493507426
493604373
493614896
493659079
493662056
493738059
493757530
494021312
494076124
494193180
494244989
494250195
494371019
494437077
494596215
494643837
494658539
494772941
494839091
494865724
495104468
495140190
495193871
495234192
495256021
495281148
495347437
495424950
495639080
495752791
495826971
496106819
496298752
496335992
496415484
496435436
496970562
497020012
497055277
497192657
497214983
497653633
497653767
497803517
497876150
497908533
498408600
498505932
498794993
498867232
498962703
498966546
498979916
499009915
499115364
499154854
499431177
499466098
499587816
499771583
499789905
499963520
499966323
500058459
500065762
500100387
500237606
500335265
500381144
500501367
500517797
500556154
500657289
500948089
501085988
501112748
501233788
501432231
501523777
501777267
501785097
501912852
502106672
502590512
502654478
502786305
502789690
502796927
502861941
502950982
503243951
503280867
503341333
503373002
503429113
503553443
503701457
503883438
503958147
503965297
504005625
504511566
504647741
504725492
504775266
504817468
505047699
505085473
505157338
505181179
505187669
505203157
505466304
505653218
505657182
505686322
505835709
505923028
506179799
506194492
506335420
506446164
506596679
506608392
506610952
506743189
506829008
507333337
507339586
507375709
507381189
507675377
507733977
507855562
507875890
507879001
507964054
508045453
508089097
508192377
508272767
508277643
508380340
508421469
508651883
508688017
508905200
509187852
509190443
509193943
509469606
509490002
509921363
509931033
509943622
510108142
510125617
510229742
510240591
510400771
510427526
510470132
510828474
511055227
511276864
511370251
511420396
511453108
511460999
511542086
511563370
511577788
511607250
511691658
511716938
512215619
512235715
512263751
512485081
512737643
512999517
513060773
513134367
513278032
513411198
513413343
513451239
513586331
513612475
513712217
513914214
513922979
514038823
514131782
514145669
514215322
514491795
514775440
514810140
515084216
515086692
515101111
515132570
515223981
515261205
515428817
515607853
515628131
515696606
515731949
515821958
515867798
515874029
516018132
516034244
516091794
516120041
516171080
516176048
516234776
516273041
516346749
516404166
516462389
516493928
516631357
516768338
516865056
516898219
517081817
517171861
517345328
517417054
517813555
517821556
518016666
518195437
518281766
518323040
518403834
518449945
518773176
519269757
519389868
519507047
519549232
519562121
519677064
519778248
519900720
520179057
520266711
520367050
520591941
520663913
520685306
520713509
520892397
520904959
521041013
521095870
521137721
521590776
521646664
521664520
521751029
521824637
521994393
522080565
522213603
522260126
522684745
522710288
522716271
522864836
522875508
522965648
523081398
523190391
523223138
523359444
523390106
523514158
523643689
523673037
523716186
523825277
523895053
523906320
524078846
524215653
524235820
524401906
524419032
524463649
524632237
524668182
524681750
524693210
524821211
524887829
525174264
525313936
525324513
525715717
525765960
525855229
525959969
525963198
526000706
526006737
526026008
526086243
526145143
526238545
526300519
526445330
526486668
526548071
526856362
526915460
526959664
527065724
527068926
527171979
527177287
527255367
527356619
527417536
527527969
527638335
527774011
527799925
527988337
529028460
529091176
529124140
529186816
529215294
529402214
529445177
529496812
529546228
529713527
529818656
529855169
529937744
529943664
529961001
529990906
530035938
530096883
530120540
530164685
530351501
530404786
530474303
530576723
530614605
530822354
530858108
531022215
531063349
531070240
531083642
531212815
531234614
531297281
531394927
531492368
531619614
531625624
531671975
531819401
531848560
531864019
531898142
531937308
532027996
532185549
532352419
532424321
532427760
532618003
532654768
532703766
532750210
532756618
532812963
532839971
532904304
533167769
533174012
533273793
533399482
533654187
533703169
533722628
533748586
533774595
533987882
533998897
534111805
534208756
534272832
534312088
534319339
534389990
534664185
534680987
534704055
534704339
534954007
535039023
535292471
535452053
535620682
535751718
535803895
535933584
536062799
536094241
536117067
536214692
536223811
536311433
536408272
536637731
536667453
536816244
537041554
537049361
537154557
537425732
537498232
537505075
537618690
537757643
537762663
537772577
537897193
538210743
538304241
538357457
538464165
538522241
538608310
538838920
538901899
539117799
539315338
539433065
539471684
539573819
539573822
539610704
539749455
539832913
540069129
540076467
540077583
540156976
540332337
540339457
540343610
540470794
540564469
540580427
540630635
540664349
540700334
540701284
540790510
540928849
540980742
541024227
541059901
541080619
541374626
541565536
541701463
541704293
541814423
541856531
541860095
542355817
542422090
542426232
542452068
542577802
542651625
542722030
542742054
542795923
542831258
542935223
543211325
543253008
543357761
543394642
543497389
543570354
543699724
543703560
543790363
543900635
544293254
544400059
544420022
544481394
544481635
544511411
544528539
544598139
544740695
544754920
544919930
545167446
545198363
545203990
545208507
545217928
545345208
545347161
545430194
545431303
545476252
545661609
545811879
545876062
546007736
546109431
546388641
546391748
546480468
546484700
546513548
546559632
546563226
546578882
547032038
547477238
547553258
547789929
547854698
547944915
548062472
548102084
548103022
548112368
548152452
548166139
548210979
548287585
548551800
548893643
549024956
549073185
549165937
549286283
549287324
549303381
549329241
549390406
549392092
549556856
549575243
549705531
549747277
549812590
549832051
549838380
549876939
549884246
549961561
550027115
550035242
550054007
550069070
550100250
550190108
550347031
550550629
550640388
550645345
550756293
550829484
551240395
551243220
551343721
551430088
551430746
551526809
551564356
551604947
551609598
551696278
551789759
552019350
552186417
552352645
552368493
552424901
552530366
552617765
552667394
552922388
552927373
553547688
553644530
553734374
553752680
554464698
554646280
554652580
554661836
554699556
554877303
554920825
555115274
555330500
555417828
555563025
555693940
555702180
555890412
556013476
556092932
556158785
556332532
556416151
556607077
556690932
556935942
557078462
557276939
557286963
557479951
557559778
557651270
558045280
558108270
558110126
558281525
558386799
558419187
558502849
558756080
558885623
558914256
559020182
559063946
559064867
559105146
559249176
559378322
559546753
559550894
559701516
559729490
559876825
560277088
560375003
560499146
560570206
560744115
560756743
560824839
560865773
561204208
561283557
561326412
561451762
561510101
561519394
561891824
561927843
561976695
562010941
562052820
562056461
562233745
562457866
562513046
562662461
562705624
562751414
562817918
562818024
562867817
562954772
563287715
563321158
563371681
563409041
563454815
563501051
563509846
563615201
563748340
563789296
563790138
563794040
563861577
563920531
564097280
564131519
564152505
564281929
564380924
564564799
564641080
564646631
564658913
564825142
564844102
565020498
565092835
565134914
565201982
565239371
565247103
565270471
565582727
565603582
565613367
565619185
565690238
565779413
565912672
565925896
566064090
566066075
566144474
566148293
566208662
566227492
566446371
566641445
566785147
566908165
566930513
567065728
567088693
567223405
567272124
567275863
567316329
567368928
567375402
567477007
567550225
567566210
567571559
567684497
567699855
567749403
568005391
568132919
568201906
568268285
568325435
568451486
568513819
568521623
568588723
568655366
568658583
568722353
568913199
568922981
569008588
569101014
569386282
569521629
569670145
569721261
569817962
569887960
570035732
570224870
570325202
570410303
570451771
570462099
570476628
570601372
570676398
570749244
570929981
570951823
571034744
571247384
571249167
571283106
571376361
571540788
571606739
571690755
571791711
571816367
571832681
571883056
571946969
571952899
571954526
571966577
572021440
572095246
572098437
572265424
572279055
572294173
572395303
572402420
572415359
572425897
572612090
572615243
572743971
572905633
572911054
573050767
573333531
573407883
573474435
573550558
573608990
573738624
573868536
573910271
573918129
573966828
574348822
574378735
574412150
574596362
574682026
574820316
574832328
574954540
575100904
575461603
575584336
575646697
575741594
575745774
575899092
575908823
575970130
576190567
576238100
576279571
576332687
576503140
576504045
576504264
576550605
576896563
576955349
576990763
577004242
577040488
577144492
577323602
577600539
577628273
577721396
578095302
578240433
578383501
578455841
578732134
578876620
579082911
579187614
579259399
579286175
579406948
579409577
579415820
579621078
579758126
579898619
580132120
580171189
580181292
580376227
580399901
580444335
580683536
580758545
580940657
581086378
581089173
581170513
581224175
581229815
581398164
581556389
581562227
581670889
581823291
582000860
582163720
582171455
582190362
582208595
582251667
582282546
582414242
582436900
582585980
582737627
583060720
583100951
583215233
583301706
583322072
583538199
584045073
584133306
584375013
584485046
584592964
584623961
584646703
584711679
584781241
584844787
584845531
584908099
585075091
585116248
585121226
585185074
585324203
585677694
585719886
586130291
586233554
586256059
586304688
586315704
586316864
586348015
586393442
586404337
586416417
586463798
586534852
586535410
586632736
586779894
586822201
586873346
586914802
586920327
587034091
587181717
587216995
587403839
587405239
587437737
587530187
587571021
587940723
587957686
588033140
588078721
588188748
588249464
588274588
588451851
588577412
588664271
588818317
588986587
589118659
589176092
589209995
589252539
589446787
589636420
589728177
589954823
589956858
590041507
590079904
590668593
590765440
590811705
590950945
591088572
591096836
591098294
591133065
591157219
591160874
591261305
591431884
591449904
591525796
591574217
591753392
591779991
591950033
592290435
592309085
592387239
592401489
592481112
592495588
592498889
592579672
592583357
592592439
592674230
592890158
592905345
592907285
593029869
593066781
593123803
593307231
593388371
593431294
593525097
593767790
593844978
593948224
593978947
594164494
594180065
594219488
594321890
594337438
594497020
594499029
594854358
594882146
594884983
595116729
595179537
595351004
595529395
595541951
595609429
595632772
595675193
595798652
596128887
596153909
596211521
596386133
596718452
597201635
597426015
597480018
597666865
597699233
597793589
597850819
597866159
597980679
598180391
598224604
598254002
598436075
598591890
598710957
598715744
598717219
598720242
598844118
598852122
598860603
599003106
599031441
599047383
599075973
599136435
599231206
599438829
599601910
599756112
599862803
600133883
600333306
600669895
600718027
600723633
601033799
601135117
601158211
601307377
601316270
601449457
601519169
601568345
601621485
601760718
601891855
601900337
601937662
601968327
601986333
602019871
602108249
602482752
602843485
602863401
603058622
603226080
603249454
603402162
603430496
603556663
603568000
603612505
603736930
603841747
604269857
604336037
604362030
604363976
604489648
604519908
604556194
604619044
604662754
604803545
604858478
604952494
605088829
605109100
605238172
605290346
605396340
605656878
605759966
605925791
605926133
605946108
606116563
606202838
606218960
606464611
606587884
606805914
606847489
606925089
607028055
607060014
607210385
607248813
607397384
607466387
607647011
607968822
608198784
608255982
608290283
608339939
608664919
608752929
608810298
609070314
609076757
609189429
609196446
609290500
609292192
609330116
609347262
609520495
609559168
609791687
609829612
609917563
609981295
610022919
610111473
610162700
610235979
610241257
610462510
610563121
610782787
610791326
610936894
611031667
611074430
611191743
611202621
611419795
611462385
611487921
611517114
611517443
611525629
611692396
611959843
611971825
612240815
612339389
612355682
612382787
612394980
612429770
612486009
612603774
612748490
612964800
613006496
613274190
613526762
613600558
613705951
613714828
613804486
613883133
613930169
614077271
614115324
614369640
614481416
614512916
614793550
614830580
614931139
615037415
615064016
615191187
615327454
615409176
615429365
615788189
615834404
615888429
615888665
616305976
616339645
616420549
616521464
616547342
616609076
616663126
616720057
616735746
616773721
616881739
616881908
616977859
617206517
617246358
617249173
617377248
617395642
617525723
617778718
617926370
617937230
618146859
618524047
618526475
618825377
618961574
619064669
619183857
619233687
619273484
619282189
619285695
619472388
619523596
619641988
619663698
619971251
620102498
620120371
620141575
620330856
620362478
620391372
620741615
620793472
620960884
621059163
621186512
621233664
621369862
621384803
621411733
621457266
621561554
621701437
621748762
621834680
621838002
621955589
622109196
622140575
622163220
622294289
622655811
622733004
622805151
622825401
622840201
622874546
623151910
623243091
623388550
623425731
623500298
623513298
623555595
623656659
623773957
623789855
623793300
623823756
623843824
624106113
624165718
624224446
624649040
624878181
625203492
625226498
625278636
625375379
625390133
625426751
625470689
625508070
625524494
625794696
625864375
625914197
626015193
626160526
626369020
626379555
626418728
626549306
626657580
626692362
626705362
626745152
626792973
626821088
627269603
627480646
627613514
627618283
627791117
627930509
628045392
628045892
628086205
628220630
628245268
628289324
628502168
628511865
628633798
628646853
628691301
628777426
628819159
628821080
628881299
628946122
628963918
629148501
629377181
629544831
629571444
629590919
629598289
629605314
629685711
629767471
629772843
629936096
630244425
630326957
630337309
630374668
630655625
630729440
630729814
631053595
631105256
631134450
631296841
631314805
631407628
631431127
631517395
631539926
631636242
631700432
631704037
631878535
631923183
632064953
632109884
632136005
632280549
632324786
632330974
632339750
632467502
632504336
632765146
632904696
632918948
633154530
633157489
633297350
633382139
633404247
633539341
633651142
633771392
633872980
633970922
634000717
634102524
634139326
634228395
634264551
634323462
634362339
634447923
634642679
634774242
635031525
635062785
635173780
635203659
635215461
635283897
635354324
635375876
635499682
635634661
635833956
635955849
635965111
635999439
636000404
636000459
636037019
636098118
636122469
636170987
636476514
636547807
636584687
636598457
636611604
636627794
637015809
637250529
637325254
637454460
637509483
637516494
637581835
637624431
637627049
637629509
637630862
637671497
637787063
637947062
638126129
638128247
638134816
638186485
638217584
638306807
638310555
638319010
638356795
638396260
638542676
638713952
638828709
638829303
638912269
638950497
639003602
639053502
639061661
639080959
639085340
639099038
639122319
639125284
639174626
639331224
639417002
639464044
639495738
639805565
639945696
640082136
640213684
640217405
640222748
640231609
640236215
640269276
640413645
640542630
640562462
640599043
640722689
641031427
641174482
641313777
641315913
641330737
641533998
641594103
641595746
641637679
641779522
641891389
642044624
642101771
642213556
642234459
642459754
642813529
642824070
642902490
642948517
643054886
643137011
643222283
643277897
643317546
643639760
643910510
643925930
643965385
643985538
644016056
644172850
644188103
644216401
644241642
644375325
644443399
644542774
644580458
644685140
644700017
644949456
644950790
644980390
645037865
645093289
645145658
645213266
645257383
645676141
645677823
645848230
646028971
646174489
646347551
646467748
646488375
646496809
646721235
646775590
646912063
646918602
646945215
646958238
647040599
647188751
647235034
647270267
647301836
647354218
647371421
647445768
647457980
647551168
647556652
647624654
647640223
647850620
648054130
648168674
648189871
648364385
648437261
648585013
648630223
648679865
648765284
648771584
648939323
649043883
649324818
649396653
649405813
649551157
649679229
649753592
649800554
649956308
650008465
650131289
650582273
650863337
650992911
651045389
651124576
651174485
651399767
651461874
651712843
651752334
651782589
651823421
651907219
652087032
652088585
652438626
652575071
652674112
652803362
652908635
653039789
653255482
653277437
653611754
653949701
654066811
654075637
654132349
654300175
654411423
654412371
654523264
654551187
654931480
655031977
655281109
655325513
655577987
655816664
656000581
656123104
656167734
656204305
656351752
656499800
656626240
656718903
657574389
657667881
657749945
657882815
657885065
657908371
658047368
658161762
658198352
658370320
658396598
658605411
658799572
658884264
658982445
658986889
659125860
659139994
659289377
659574944
659667399
659991200
659998523
660040605
660122005
660122139
660123025
660176000
660263907
660312682
660334302
660428503
660653498
660683469
660722985
660903405
660922769
661516663
661519711
661543216
661623679
661765110
661771165
661851881
661899537
662242080
662272634
662385972
662424972
662452080
662467911
662729535
662748437
662759284
662771315
662893028
662905715
663072416
663179628
663225906
663348484
663608018
663669746
663743153
663832209
663880671
663931987
663936468
663975210
663983743
664243955
664391501
664497464
664660913
664853237
665017210
665157449
665470332
665481452
665706253
665850831
665925167
666079290
666207165
666210290
666253606
666304885
666310328
666428487
666527686
666664136
666671801
666794307
666795973
666852595
666860804
667069474
667135059
667179386
667218867
667330203
667529212
667552847
667569543
667588938
667615236
667633851
667655829
668116684
668395186
668464898
668517093
668533410
668558237
668794609
669059945
669258107
669270896
669290836
669302770
669307334
669310357
670008979
670019863
670060793
670154342
670330572
670334220
670342403
670378119
670514799
670651879
670942155
671075827
671200149
671450029
671469695
671560214
671699320
671830410
672018715
672024839
672289732
672354281
672743278
672827562
672917641
673105657
673113407
673197569
673202560
673329267
673353284
673561274
673616833
673857200
674253425
674298835
674371860
674705371
674729720
674919503
674928264
675079344
675150311
675249076
675357367
675398503
675510420
675517188
675525575
675551600
675579507
675828911
675837086
675840564
675846591
675940601
676242600
676248836
676285388
676579501
676686974
676713851
676746044
676751805
676789252
676802761
677000203
677111404
677164466
677165899
677184953
677252354
677303672
677385448
677426125
677526230
677615393
678053931
678124026
678249402
678434428
678530523
678545934
678693284
678711929
678730207
678912326
678977277
679479864
679524466
679570092
679924364
679927246
679939788
679944653
679955405
680102975
680115256
680235085
680477401
680613072
680619452
680680703
680878502
681058371
681093404
681159820
681374567
681381021
681653672
681713869
681749062
681753559
681872870
681874894
681986313
682052667
682092409
682102949
682109087
682142878
682241497
682434404
682571254
682783876
682784666
682826313
682874301
683116632
683389681
683405644
683557638
683608564
683712283
683734936
683963042
684138604
684214389
684555086
684656173
684691449
684737774
684783324
684874831
684999973
685059841
685103438
685109968
685160332
685280994
685288966
685337458
685390358
685420396
685516433
685742935
685837750
685847615
685911745
686071372
686139459
686142933
686193732
686345542
686479954
686652249
686757656
686823561
687198245
687423921
687453732
687560290
687684266
687722519
687982386
687999820
688003347
688010738
688014865
688066052
688295121
688303095
688451943
688499303
688657753
688842844
688928207
688955357
689017067
689381371
689431011
689510844
689682939
689826029
689960222
690156346
690240170
690249197
690249757
690697542
690791248
690792524
690868561
690891036
691057668
691187958
691468331
691548111
691581031
691743599
691812314
691899330
692048540
692129071
692292864
692557889
692565422
692567895
692980226
693021527
693178870
693184448
693273819
693447601
693588986
693692767
693733532
693782039
693783011
693838489
693923090
694018595
694182732
694244460
694268552
694417347
694515693
694557359
694569772
694656369
694697126
694828141
694877972
694953998
694968965
695008396
695101988
695358738
695793200
695998948
696173892
696370452
696400186
696474696
696581401
696636757
696641583
696827949
696922758
696928647
697087528
697281287
697465515
697736859
697787027
697974465
697995768
698421092
698512402
698580783
698901401
699424736
699520022
699544731
699644679
699645122
699734106
699820371
699821174
699862007
699953808
700127388
700173361
700316777
700876193
700877412
701504517
701555600
701598842
701635807
701686655
701690331
701703452
701809241
701832828
702016009
702080339
702083296
702278910
702334260
702439242
702468358
702826315
702940436
703091559
703091984
703239909
703647305
703817747
703913755
704050142
704133105
704233664
704262018
704427617
704529060
704596096
704712569
704731372
704908942
705080220
705319138
705399336
705415616
705444876
705605657
705631681
705664971
705814261
705893511
706230648
706515694
706652036
707542808
707706456
707727687
707870178
707899798
707909016
707912018
708006537
708089782
708161176
708165248
708228274
708328131
708466169
708510272
708604254
708932509
708937653
709004466
709094057
709222476
709261412
709347464
709450074
709466943
709529216
709597555
709641877
709680427
709753481
709963234
710128303
710302730
710363802
710406618
710477683
710573564
710754753
710823357
710954026
711084947
711265364
711297316
711391588
711412242
711420989
711462140
711538328
711543324
711578240
711584740
711632295
711646305
711772087
711951627
712003529
712007394
712161640
712162723
712281722
712322542
712486069
712508563
712617144
712627896
712851555
712914774
712933168
713050447
713222121
713236682
713273541
713419308
713531751
713708149
713916324
713931501
713952006
713991592
714038848
714111951
714274488
714395440
714499287
714505849
714673759
714726593
714794841
714807113
714823638
714885146
714902363
714980883
714987979
715113025
715208315
715258968
715266589
715339690
715482477
715484700
715530435
715589471
715629472
715684700
715845837
715935751
716206110
716344829
716450795
716506760
716525210
716638382
716658934
716736788
717000377
717182370
717216867
717461538
717478992
717608134
717752742
717911412
717934000
717934646
717948705
717955352
718000018
718309892
718319000
718400429
718409097
718580554
718653292
718816430
718861389
719124985
719159349
719184118
719257898
719314289
719448771
719494536
719580979
719754425
719790805
719884139
720040718
720207037
720234949
720273208
720303439
720411549
720587827
720594091
720845097
721111740
721266180
721310356
721360469
721434693
721561871
721623383
721724066
721815231
721857235
721885072
721885410
721887563
721910340
721944611
722339354
722364709
722495106
722575774
723184032
723390247
723441809
723475680
723529032
723541482
723656416
723701015
723885616
723900515
723924279
724035941
724211818
724258698
724351854
724379721
724427501
724518532
724752959
724910425
724930653
725061059
725396326
725411723
725440092
725543944
725679676
725838972
725906224
726206494
726309825
726430760
726750396
726813512
726892419
726926190
726940193
727019956
727025373
727081442
727210094
727333161
727384883
727693543
727836057
727844849
727860782
727949676
728110596
728209783
728299206
728314035
728401102
728441301
728571881
728582346
728758037
728767492
728897863
728970361
729057156
729071738
729076241
729253987
729268273
729285410
729333931
729334333
729340741
729513324
729559787
729563033
729692222
729721967
729758472
729818123
730215723
730294417
730433897
730519762
730562636
730662863
730669356
730669925
730716763
730761319
730946317
730949908
731021149
731075528
731106591
731124898
731151998
731254133
731349610
731420126
731479003
731894976
731946986
732075027
732122238
732173011
732405621
732468163
732975757
733082932
733096371
733247535
733337469
733376342
733440049
733565838
733566643
733581126
733742401
733799321
733841670
733842340
733897610
733931282
733945187
734330152
734843542
734846532
734920349
735250022
735374118
735390618
735516901
735555232
735561974
735620271
735659090
735690673
736012732
736210801
736300658
736568615
736619842
736629973
736752668
737007188
737055477
737120704
737439788
737443418
737966096
738005139
738052576
738114450
738194808
738205985
738295975
738347628
738469416
738482656
738518708
738799445
739206558
739244724
739245054
739251358
739479373
739527708
739645787
739794718
739851069
739971339
740191198
740210380
740232516
740605187
740755170
740800668
740871632
740893662
741113752
741119153
741512269
741714333
742111900
742138578
742142309
742385395
742524005
742544143
742574815
742658612
742707874
742822250
742828420
742893047
742918058
743077203
743098435
743270885
743305226
743621749
743638984
743970358
744058489
744245668
744344780
744390727
744437121
744473323
744509406
744558257
744610754
744716191
744888105
744960080
744968199
745010962
745047951
745113901
745188431
745285092
745375551
745461065
745466578
745607200
745662635
745683154
745688452
745771070
745787532
745883183
745960924
746044864
746079495
746225046
746345582
746372088
746562561
746618176
746725510
747006211
747072719
747162758
747234058
747238010
747242363
747272740
747275697
747575425
747790340
747821429
747929253
748135262
748331910
748377636
748787290
749020641
749245541
749301250
749694838
749735645
749752940
749753029
749812094
750008701
750145182
750149426
750152801
750161338
750276944
750611283
750618464
750776321
750871026
751062365
751112471
751247016
751381557
751649669
751699142
751706306
751967668
752011900
752264680
752273417
752323534
752463830
752498028
752776680
752979120
753240561
753518448
753607807
753638313
753818566
754101611
754230872
754421081
754436892
754683233
754769625
755057335
755358901
755588683
755725043
755949706
756020875
756090996
756222458
756274263
756287127
756753294
756805835
757180823
757186822
757188437
757223742
757318073
757329294
757403654
757604584
757724206
757766552
757790464
757858608
758058706
758116579
758139280
758173315
758177603
758234056
758278566
758381667
758491484
758536737
758544475
758701627
758811952
758956196
759147583
759193361
759232539
759323757
759332915
759365557
759396914
759543180
759612338
760055076
760064684
760191162
760247847
760417193
760582103
760682483
760722729
760727759
760963048
761141625
761282057
761359062
761376192
761416896
761465935
761744434
761821471
761833724
761986341
762046687
762135489
762150557
762189088
762561005
762769177
762825394
762833688
762840831
762860740
762904836
762917034
763047610
763051348
763060529
763109022
763348958
763404694
763564111
763627791
763628347
763633643
763635916
763716551
763779480
763870629
764006998
764092680
764465281
764588794
764622351
764784824
764789033
764906470
765063835
765105567
765443800
765549358
765580151
765633314
765777357
765947951
765956032
765991007
766014498
766015847
766134027
766462496
766592044
766604986
766624444
766678723
766762162
766810938
766856325
766909018
766924429
766946468
766954800
766955407
767079718
767234098
767325770
767352184
767377172
767443806
767622056
767785836
767824735
768079273
768118721
768120083
768284453
768365152
768533454
768686667
768807144
768829951
768911550
768997099
769171234
769188552
769219601
769229066
769353851
769437168
769469479
769553030
769597120
769648369
769669104
769767934
769779345
769828734
769832618
769846501
769902757
769989339
770029603
770125671
770278916
770327228
770353815
770361916
770398468
770412639
770449288
770449790
770631082
770633669
770681651
770681972
770733510
770826243
771006627
771319279
771345374
771451832
771462092
771491842
771638804
771739983
771907676
771949685
771952450
772186307
772212049
772410401
772559163
772675190
772731873
772828165
772987408
772999331
773007651
773037217
773071652
773102059
773138248
773258381
773323634
773369224
773407663
773438692
773493259
773619691
773622726
774129580
774160558
774237501
774318354
774357968
774371338
774461675
774589180
774639522
774732496
774772401
774958116
775167474
775311749
775368196
775394899
775572725
775670327
775683700
775684053
775768066
776182533
776185293
776213994
776223075
776356540
776660153
776679950
776794166
776897431
776932736
777002369
777085522
777184462
777277242
777284900
777552281
777622105
777980257
777993044
778248474
778280074
778394844
778417243
778483288
778500675
778671482
778891501
779018257
779137501
779220149
779276207
779408432
779477503
779902181
779995931
780089648
780274296
780395783
780404398
780407943
780567261
780745493
780755870
780888611
781046398
781118600
781173350
781176043
781216735
781304410
781351153
781398409
781620847
781675006
781751690
781857150
782086686
782097973
782122751
782184134
782273945
782341627
782568335
782576210
782588921
782622759
782848583
783268150
783561117
783579370
783623023
783749118
783950287
784086273
784308088
784352007
784569771
784671225
784699149
784712682
784937035
784976288
785186899
785403796
785448443
785573138
785577449
785658122
785728313
785837556
785847593
785900923
785990409
786068136
786086038
786116953
786268312
786315517
786799323
786822446
786904506
786941160
787122212
787165721
787249326
787386712
787701617
787711857
787974353
788019775
788030690
788062741
788223066
788288450
788384245
788494711
788621790
788632551
788663355
788678794
788719551
788719776
788727078
788749704
789082573
789245113
789257849
789272246
789392148
789452984
790126835
790129494
790134021
790174014
790179365
790377648
790424878
790437969
790521754
790631858
790652271
791071759
791112462
791267784
791349070
791563427
791583269
791634527
791720841
791830381
791945208
791953475
792013541
792106423
792158507
792161226
792206951
792242569
792314852
792512123
792906789
793086979
793145347
793308430
793429200
793448100
793617339
793894785
794101621
794168018
794268120
794448353
794514330
794514507
794622054
794719384
794812624
794845473
794902509
794903233
795032986
795218290
795353654
795355807
795393554
795493495
795496023
795652597
795755969
795757707
795923778
795928201
796056417
796085086
796110391
796201334
796528016
796557399
796627729
796677267
796712392
796734853
796959517
796985863
797078344
797152233
797659877
797892401
798067313
798233446
798322886
798385395
798386075
798393360
798642921
798652443
798694757
798752389
798807787
798827188
798844932
798933294
799076587
799152313
799193351
799354607
799437279
799598647
799606318
799631628
799883157
800056668
800118180
800145086
800168165
800347394
800664607
800794755
801264288
801393885
801578592
802022390
802051233
802280762
802330942
802621935
802627096
802642154
803020047
803054455
803391920
803689935
803701913
803964784
804150699
804396136
804732126
805074576
805095184
805145822
805297940
805374972
805387722
805661504
805790145
805865221
805870932
806004128
806007182
806048531
806279992
806382802
806561515
806565080
806596448
806614001
806862117
807199889
807423676
807436504
807607388
807942920
808031419
808062463
808152180
808225548
808238801
808341726
808370490
808413264
808562579
808639987
808818909
809203989
809233666
809336086
809336544
809520996
809552926
809601571
809633237
809782405
809963958
810049709
810056536
810383431
810498719
810508191
810551810
810552657
810610836
810690432
810713165
810788858
810884287
811086984
811137615
811190115
811231377
811277019
811323237
811366971
811416346
811473269
811606757
811779477
811926860
812044739
812076795
812178791
812299772
812467023
812477047
812522960
812525670
812606753
812641127
812646863
812653874
812827466
812839869
813224338
813254928
813288674
813370784
813433348
813560509
813616232
813682796
813757976
813786194
813836208
813865743
814047930
814223253
814280285
814413691
814566091
814641685
814653135
814658398
814785313
814975184
815102674
815176727
815506013
815567000
815661253
815719685
816010766
816013010
816190393
816201610
816240151
816271952
816327152
816369872
816794342
816828310
816908773
817179534
817231326
817231852
817336923
817383929
817526767
817677981
817684199
817704624
817881106
817954698
817970425
817976279
818061967
818083172
818156852
818157998
818286029
818494270
818653458
818828618
819053079
819061715
819195155
819430192
819501141
819592063
819685611
819726644
819743571
819786769
819966872
820140190
820236313
820244021
820282775
820413319
820564343
820740051
820869689
821152192
821269493
821315385
821372415
821455600
821519747
821600816
821601860
821630803
821721538
821739625
822054817
822066336
822067492
822147845
822241817
822356145
822540814
822550336
822688428
822765807
822858745
822878296
822920936
822992238
823020027
823094834
823219847
823282677
823333668
823585153
823611669
823642799
823686928
824139470
824444971
824449617
824555281
824625394
824629460
824822002
824985096
825002723
825317114
825532234
825560409
825583220
825610162
825648439
825693692
825717809
825789018
825982994
826003489
826040118
826062878
826167028
826363903
826377771
826520618
826716234
826905084
826906649
827036383
827045310
827105725
827266725
827272072
827392383
827502094
827585486
827600808
827725528
827733747
828001272
828001609
828199769
828364799
828506784
828587840
828592033
828619918
828644461
828942932
828959714
829330879
829332735
829407578
829492703
829497816
829507242
829530712
829580157
829586997
829636106
829897568
829988265
830006558
830240804
830554659
830586408
830730842
830768099
830772321
830776464
830919124
831103993
831170355
831276543
831279989
831651407
831763727
831945790
831958480
831988363
832098224
832183447
832400727
832462184
832683706
832945793
832997732
833003670
833031443
833054935
833186451
833207423
833232056
833463551
833756261
833933976
833991211
834089052
834099667
834450157
834492741
834549705
834591493
834604751
834678789
834757976
834784578
834800010
834830883
834860914
834863218
834949166
835034893
835130328
835220693
835360453
835408206
835488224
835641316
835781186
835857161
835870912
836075508
836122433
836206251
836223886
836304790
836354072
836668933
836704487
836761072
836804634
836862477
836943408
837075740
837124317
837227094
837308464
837330857
837416324
837416539
837509379
837709591
837979865
838020409
838031685
838036881
838049945
838054740
838070290
838351374
838409159
838479732
838487099
838582310
838627017
838768522
838944277
838948990
839003656
839030853
839073641
839143515
839221496
839225162
839353219
839595201
839602797
839749269
840188911
840224342
840346709
840348393
840369903
840535220
840680097
840799895
840868139
840903825
840931048
841083537
841097067
841111580
841177839
841212964
841220960
841310758
841548863
841615040
841707538
842305838
842318042
842495803
842564291
842627845
842724669
842727119
842810196
843068717
843068931
843075201
843227352
843369944
843397526
843453485
843677280
843678896
843936407
843944233
844066213
844131556
844441311
844483796
844899688
845068920
845080215
845253591
845363859
845612367
845637256
845939831
845985728
846060270
846162578
846229419
846356809
846387757
846388871
846515098
846848652
846881030
846926070
847002958
847157991
847611149
847800999
847809784
847845871
847875084
847938195
848034821
848084254
848122962
848347452
848742136
848859219
848894532
848970498
849004361
849024688
849048997
849090489
849129213
849267117
849302258
849310403
849491290
849625657
849714501
849846405
850229936
850484309
850541224
850572003
850613890
850712038
850806324
850996970
851018477
851020859
851110095
851238944
851254006
851294545
851388224
851611670
851708392
851722359
851785590
851839647
851903806
852038412
852330364
852377825
852488481
852489192
852655786
852848912
852879595
852900632
852941875
853082860
853123530
853195279
853198118
853213501
853422255
853508823
853677909
853702205
853708630
853814049
853832532
853897165
853991313
854031249
854167347
854330352
854350355
854380037
854490828
854609892
854844012
854852549
854906468
855157826
855208929
855224884
855255937
855308232
855330565
855393597
855450572
855708343
855803071
856238402
856288619
856292177
856428654
856465211
856493837
856570853
856658158
856662490
857019855
857071927
857149006
857256320
857304573
857375663
857514396
857522346
857981327
858105546
858162243
858263016
858300389
858311513
858338220
858598034
858697464
858750997
858783254
858887503
858944691
859349785
859350653
859449131
859533544
859661080
859672288
860060302
860112221
860164907
860246143
860262340
860529913
860562944
860573380
860618462
860629487
860749312
860944768
861120839
861127745
861300848
861356529
861390377
861563989
861577378
861625278
861789638
861981476
862013003
862159708
862213711
862243585
862258192
862387174
862480958
862550397
862563243
862574067
862613504
862788911
862853391
862938542
863098606
863140900
863155558
863167748
863167766
863190016
863242808
863276338
863434595
863458025
863573166
863783210
863854707
863873445
863944774
864008388
864016677
864243643
864282408
864350648
864521861
864577833
864751692
864759188
864841634
864908960
864926323
865207966
865375954
865391279
865480111
865482211
865557262
865564197
865639923
865642497
865739747
865789222
865910949
865965244
866002186
866056920
866060278
866185897
866254098
866298167
866490182
866711631
866925308
866928386
867232101
867237948
867394556
867481180
867639092
867702195
867774550
867845395
867897364
867898657
868006690
868141377
868192391
868270879
868348626
868788384
869513394
869746935
870027803
870099335
870344884
870507872
870620249
870886509
870940323
871181927
871332836
871417340
871471470
871479456
871769902
871837909
871980743
872063784
872195013
872228422
872242118
872247138
872572412
872704497
872705508
872829257
872839285
873019581
873254569
873427545
873467815
873475926
873565094
873921766
873933818
874052676
874111224
874291157
874374299
874546649
874995209
875006255
875063108
875065486
875327981
875415901
875432355
875557068
875702441
875727830
875746806
875939184
876224623
876235360
876282101
876322500
876421025
876635156
876698683
876820507
877096439
877110698
877238210
877313379
877554759
877603605
877693543
878008514
878316538
878834420
878887971
879018924
879081864
879087415
879098851
879105061
879242491
879282531
879411009
879457150
879599798
879607693
879750018
879843815
879854920
879876019
879929716
880002960
880098598
880156232
880329897
880383081
880455320
881286615
881338359
881372237
881429502
881588312
881654873
881865147
881965902
882006270
882132402
882158772
882445424
882600168
882628795
882637092
882694532
882721686
882791892
882816396
882818370
882976550
883048365
883055212
883312130
883335065
883408423
883448694
883545867
883669542
883690215
883948300
883977402
884080514
884232729
884282074
884407569
884429419
884544323
884562739
884601904
884646739
884737493
884745617
885063801
885202776
885239064
885370734
885374522
885505293
885773347
885807749
885812090
885954646
886286324
886456376
886473555
886499741
886791561
886866114
887274630
887283342
887503293
887514803
887580466
887741949
887768343
887773683
887960481
887988036
888154112
888560223
888603878
888637928
888692998
888946206
888955457
889213805
889286416
889286531
889621202
890012516
890028100
890044669
890173115
890396817
890530305
890624687
890908543
890958210
891078367
891089205
891127995
891137813
891216517
891513111
891542620
891574540
891643625
891941804
892027887
892085342
892329587
892354641
892358601
892672954
892814349
892826189
893084128
893214020
893461963
893545645
893558215
893590549
893638308
893804521
893880587
894009062
894047734
894102707
894255065
894278846
894329719
894755519
894911870
895005756
895059735
895148449
895210753
895341742
895602359
895684520
895686015
895853979
895880489
895940329
896125408
896188763
896362434
896410493
896728676
896732486
896742163
896767202
896777473
896850112
897183547
897226785
897329076
897348455
897357661
897484287
897768515
897808955
897815032
897904291
898028559
898230340
898298956
898461504
898535080
898570741
898679642
899041673
899281382
899296318
899501908
899546218
899736716
899811432
899902524
899953749
900046534
900237452
900345997
900359727
900364842
900387036
900404800
900455338
900538457
900539522
900719449
900817607
900846134
900946557
901032324
901296361
901371389
901528356
901703298
902018873
902083885
902221679
902345924
902484505
902502961
902540290
902546325
902662925
902693352
902900396
903068604
903091238
903130151
903188888
903259814
903641255
903772989
904003043
904166728
904230982
904236833
904342571
904486553
904493161
904504449
904544152
904611943
904645488
904725867
904748868
904808929
905003445
905090929
905301403
905774709
905808771
905859094
905864338
905944548
905953802
906078578
906215227
906299155
906442793
906545037
906840378
906892987
906955710
907249945
907663331
907755840
907838458
907863921
907941187
907951175
908154594
908222573
908297601
908623688
908902328
908910158
909162948
909337409
909429011
909519817
909660097
909796820
909798816
909853033
909886755
909991262
910122882
910132362
910175241
910175399
910248141
910269461
910457308
910471125
910851320
910880191
910902187
910938561
911203574
911299346
911354609
911380048
911661989
911747134
911940248
912127728
912128311
912222952
912260959
912559351
912574838
912848826
913133675
913176046
913271926
913297620
913383261
913439379
913606417
913633592
913673041
913791232
913906982
914059297
914089963
914225197
914285820
914291991
914672572
914740544
914806543
914843454
915038403
915083352
915178885
915263842
915264803
915335718
915534453
915610200
915635544
915750106
916105631
916151469
916205769
916521625
916679059
916788114
916800893
916806204
917109862
917304650
917312436
917697153
917744496
917804915
918069062
918152416
918308903
918398490
918403089
918567691
918756916
918800708
918805635
918883516
918883565
918927804
919081165
919111431
919172860
919245464
919328729
919377877
919383837
919389423
919397015
919488767
919524121
919577198
919656848
919665750
920433312
920511964
921103745
921245941
921388200
921579712
921625078
921693482
921794517
921831685
921891466
922209897
922247341
922294390
922377012
922704539
922871214
923034350
923070539
923149258
923197146
923216443
923257889
923601243
923620414
923648899
923785119
923929924
923989940
924070652
924120079
924151668
924246045
924257883
924258144
924262197
924416493
924431384
924461251
924508821
924558985
924684135
924718032
925105431
925192929
925193606
925211806
925446241
925574824
926027970
926064181
926068741
926345164
926380953
926381131
926391116
926506082
926508929
926509823
926518939
926570026
926649909
926654700
926798233
926935951
926988624
927016465
927074270
927079552
927101380
927161753
927430537
927475485
927566723
927626247
927781412
927913952
928034444
928105690
928284109
928290501
928307735
928387107
928508626
928526595
928686730
928963839
928978024
929007974
929108509
929153154
929250032
929295901
929297207
929335827
929422637
929423838
929438422
929616229
929616370
929638247
929683193
929716287
929783916
929868853
930120122
930181933
930187529
930335171
930707325
930757640
930906872
931002572
931059062
931608905
931682495
931694268
931743802
931747892
931893105
932028419
932184619
932201359
932259816
932285605
932342458
932502042
932963222
933144304
933199873
933361682
933380177
933384292
933636627
933640918
933701457
933732603
934118580
934376949
934456478
934516524
934734097
934915633
934941874
935047650
935343475
935344232
935511758
935519721
935632893
935658261
935952692
935955271
935977184
935980888
936108026
936110375
936138789
936148782
936160212
936167237
936188026
936242469
936615191
936657997
936664960
936694184
936825200
936867406
936995175
937183013
937293255
937312183
937412249
937522091
937595300
937647351
937862846
937963111
938063583
938094356
938105841
938109431
938238756
938319810
938361827
938372922
938381893
938423849
938586983
938683879
938795578
938861068
938891143
939010201
939163229
939205334
939271415
939279616
939593946
939746618
940108770
940184732
940187986
940466174
940637096
940690571
940726454
940739086
940927605
940975346
941157248
941250128
941300350
941368533
941369605
941370061
941430168
941457384
941581589
941592244
941675936
941768254
941885247
941990762
942018085
942020579
942047189
942137749
942230726
942311217
942594002
942781000
942909558
943280097
943296415
943511047
943548455
943594784
943753361
943874656
943909567
943930682
944185284
944224475
944370671
944447512
944472623
944723139
944728974
944780496
944782753
944787688
944970822
945135256
945335448
945540433
945555469
945695648
945928300
946002846
946132096
946314689
946324485
946519322
946769643
946921195
947038677
947094690
947320138
947501417
947687784
947693701
947824810
947956231
947972792
948273781
948370538
948624751
948684634
948727351
948733761
948791805
949129597
949286541
949358669
949507106
949595317
949627698
949637892
949668499
949679339
949780370
949944517
949952357
950057347
950220736
950284471
950313817
950422868
950553508
950599615
950655234
950679421
950944901
951175568
951461204
951642311
952035417
952102388
952182222
952276036
952360918
952422421
952493527
952560112
952628175
952687777
952770632
952820858
952879175
953240507
953243247
953304839
953398737
953599767
953624927
953686863
953820859
953907016
953920895
954001820
954218638
954376661
954377799
954554644
954562576
954645250
954648285
954810471
954862173
954895825
955087330
955095281
955124678
955133558
955189437
955404601
955413011
955463106
955543820
955590264
955599830
955621222
955818031
955821369
955899996
955912185
955948434
955988599
955990951
956089144
956324899
956358566
956491465
956502348
956731202
957141963
957143896
957552487
957574574
957620254
957729592
957830301
957985356
958059095
958123374
958174290
958322662
958454355
958460353
958572218
958630198
958810082
958850560
958870220
958942773
958944864
959048290
959269861
959308255
959374226
959484057
959772876
959854499
959870803
959912089
960134368
960144818
960176573
960237243
960440982
960454121
960577027
960584871
960634266
960727722
960727979
960900364
960902717
960917242
961041308
961087865
961224299
961231280
961362388
961365458
961408145
961479241
961504639
961570551
961600944
961648014
961855644
961990836
962217145
962233924
962285804
962348254
962408008
962410310
962416488
962592012
962725391
962850219
962945467
962981530
963161498
963443755
963594981
963618424
963642016
963930651
964122168
964123655
964136058
964596573
964668517
964679580
964827146
964855077
964869570
965120191
965193721
965486134
965574828
965821524
965823980
965853040
965911890
965990856
966006244
966071447
966132065
966181094
966223390
966227334
966231479
966271774
966341027
966386141
966399693
966542857
966686365
966706941
966821507
966946162
967031888
967137213
967227898
967266534
967312820
967389308
967447346
967451601
967580595
967589150
967714141
967720586
967808268
967818959
967895366
968112269
968138040
968323431
968480030
968500115
968532227
968533390
968536186
968664959
968679683
968684801
968686414
968772270
968932827
968945548
969076669
969475729
969675309
969817759
969862316
969895855
969906562
970032346
970046348
970214319
970410042
970526543
970699633
970807399
970808290
970810791
970898205
971122435
971204949
971253457
971271728
971437063
971540388
971656460
971686067
971754989
971770977
971852407
972288421
972358905
972390714
972896603
972952423
973073489
973075790
973077291
973196808
973246253
973484557
973527354
973623377
973660719
973927743
974211004
974271956
974436166
974490976
974636092
974716159
974743552
974753709
974979071
975076235
975130656
975165241
975206683
975348681
975392781
975474918
975482081
975576903
975591040
975699225
976113254
976120306
976244797
976396778
976411426
976492324
976806637
976812442
976952995
977129747
977319276
977437533
977565530
977816246
977844364
977860840
977919583
978179647
978195143
978251727
978385887
978904008
978968817
979017426
979157581
979171641
979470500
979487995
979529844
979572152
979600974
979706581
979761772
979800703
979814624
979877826
979973908
980222777
980404036
980426827
980476344
980490159
980536230
980656609
980788351
980806500
980835750
980835881
980922483
980964342
981144891
981159701
981385574
981450885
981628338
981702188
981783634
981877448
981937255
982206712
982219776
982250395
982263122
982352410
982611183
982643803
982964314
982974385
982981630
983081346
983251668
983493207
983541094
983601129
983657017
983677671
983714992
983717564
983933190
983990273
984038909
984078959
984352924
984429305
984478047
984799678
984880923
985059867
985097656
985123712
985388892
985575868
985640294
985744177
985848265
985932183
985978132
986013611
986036248
986292045
986306783
986345527
986442084
986478290
986632289
986746997
986934707
986991621
987214683
987392763
987467119
987517792
987539369
987616181
987645481
987741151
987827793
987969289
988114785
988349080
988373682
988532759
988754030
988895714
988989062
989109731
989388478
989461268
989478204
989485878
989502601
989627221
989661213
989686322
989921792
989937555
989970367
989979368
990048083
990209368
990254209
990370263
990557914
990596485
990646204
990691432
990778080
990787811
991035965
991280152
991289829
991336997
991355151
991456768
991709652
991776187
991781964
991881942
991915622
992017525
992020928
992028967
992033367
992081811
992279773
992320982
992373848
992393361
992411508
992516067
992610440
992757926
992922293
993099045
993105665
993162247
993188928
993281956
993396965
993467778
993601315
993624103
993665848
993733261
993790157
993832179
993884416
993893489
993910322
993930220
993931624
994053317
994186688
994241288
994315791
994335923
994386238
994757914
994783741
995057412
995099378
995103478
995111165
995139695
995229760
995248222
995322457
995365826
995529019
995832123
996097516
996198886
996237134
996328171
996328827
996332385
996333203
996412667
996768752
996792333
996795750
996836478
996873442
996970345
997029304
997061712
997066795
997090015
997364002
997559991
997571455
997688651
997699273
997843473
998140607
998227006
998324837
998641324
998648552
998781981
998954610
999140810
999192121
999233798
999348090
999634720
999748822
999754269
999831092
