592290435
152137100
138457382
354160214
177157321
256601859
549961561
119928713
800664607
933636627
96469058
369573288
333399693
560756743
864926323
677526230
539610704
871417340
246705906
139075916
822878296
811190115
677184953
674298835
956491465
624106113
799598647
549575243
194694522
684737774
304783821
782622759
133885560
902484505
645213266
919389423
72252036
995365826
333308047
408233149
453123473
437152383
864008388
152801984
975576903
150320696
904236833
256787388
347839875
646028971
270404173
283335816
111612628
391643624
55058914
170064527
480618751
44631254
822765807
628045392
71737212
438949292
378646646
180916701
77220343
385910905
763633643
563454815
506829008
187106717
953240507
342545297
221021596
1470030
340529602
656626240
638319010
125220628
830919124
170293970
488805982
498979916
596153909
766624444
746562561
382879913
758536737
153440778
802621935
142312366
656000581
617525723
822550336
63317046
387081539
685280994
973927743
130091756
370841138
388139495
334815726
732173011
589176092
551564356
453936256
394824128
968664959
990691432
461951454
990557914
134143180
651399767
1790243
586416417
798807787
24228391
255997984
871332836
114008756
694968965
349792216
825532234
563794040
790424878
261867268
628946122
942909558
203444599
452680337
392209331
529402214
782184134
572294173
863873445
241913074
98496278
168582782
780745493
198990904
574412150
362145339
305184205
202684490
88853643
144001553
164944745
18580653
80151306
609520495
20574171
455776733
788019775
324897530
188117481
438597576
519677064
747234058
159885226
280021582
566064090
405884459
359132940
519778248
444000316
708932509
79348817
199272830
952879175
947038677
773258381
745883183
858338220
518403834
426717226
269857932
56881070
993931624
499115364
682874301
966341027
971271728
25409230
257649115
588249464
7778198
587530187
948273781
186062378
155818386
176482581
670334220
936657997
353939535
373028665
552019350
359121033
675828911
15213849
268600062
813757976
170213061
473492073
532352419
665157449
551430746
720587827
576955349
347536896
730433897
884646739
335275099
366027828
861577378
600133883
257233647
492367472
453652971
412629808
326145727
201594451
441827546
997688651
239432430
742544143
848347452
729071738
14892818
520892397
559378322
316060220
675249076
309799112
567699855
859533544
420258004
189662862
299792027
993624103
504775266
938319810
471177810
438605685
403086533
458577660
110466822
536214692
633404247
59270504
89813049
873427545
836704487
907941187
823333668
508045453
111716406
550645345
517813555
428654861
715208315
875702441
887274630
470986234
629936096
845080215
264487537
583301706
115965954
657749945
275885565
502950982
294609524
70560563
30855781
905953802
65766717
120608828
21686682
656351752
271252309
282394782
119026368
211233669
628289324
608810298
402027695
111618330
861981476
532424321
998954610
402759476
933361682
564380924
893461963
721310356
505466304
343267781
649396653
816369872
403045742
372615948
170859201
606218960
730562636
505047699
255426530
249449298
114845698
338132019
828506784
387850599
388829480
828942932
673616833
39398132
857019855
537498232
310932411
351979314
204595190
402254769
323781947
613600558
282774549
572395303
253085090
703647305
365072278
913439379
188287362
613930169
282797911
48511686
241190182
226375174
906442793
103062563
487115527
174974350
838054740
328604448
795496023
809233666
537049361
328222922
251286906
599231206
376235278
361840958
992610440
524887829
186819822
695793200
532185549
31337275
942230726
962416488
564281929
318378329
434108321
626745152
122431025
294974021
174663677
96940328
30575468
760247847
203048524
477975586
532703766
497803517
298569075
186375494
939279616
751112471
973075790
998227006
92699182
139921820
381265707
423539147
432568151
26497796
755588683
468219455
252837993
470700955
75974244
247313921
843068931
798844932
923257889
631407628
320993785
511453108
784976288
379701872
454686163
22445427
9155315
382696656
881965902
451220959
659991200
788030690
632765146
888637928
395404321
134150898
400621594
11086165
833756261
770412639
220884583
516631357
810713165
550190108
634000717
266011791
862788911
148919601
835034893
386332811
608664919
664497464
172796185
690697542
448094849
455684832
545476252
114796074
558045280
322224749
636584687
323099252
582190362
607968822
256771620
905003445
22053833
993099045
238184319
973623377
634102524
294918971
746372088
771491842
702334260
702016009
451862715
867774550
614369640
140958008
107018664
973246253
855255937
169171714
143665620
632109884
762046687
635965111
621955589
766924429
346898130
902018873
696400186
385867517
608752929
375291777
308368161
770327228
846388871
126089495
280622238
462166224
77996337
966686365
195836491
110062483
477747009
157528645
490524402
757858608
617937230
472728663
814641685
204242474
478352609
774129580
730761319
910471125
146207482
30220853
824449617
460576987
500657289
247094133
202305645
376543161
422837494
928526595
827502094
276075839
939010201
681986313
591098294
896742163
26721090
205574343
810508191
757724206
595529395
824555281
634447923
495140190
525959969
578876620
563920531
312564674
246154679
883448694
694877972
177798482
818653458
313656219
812839869
777993044
516404166
598715744
713236682
482571496
459724503
144226044
272097581
733337469
145831489
808370490
185653512
603612505
520179057
384549881
180564532
436798997
443815370
533654187
31927484
158117150
28931873
367731418
402137954
795353654
190661185
420795550
982352410
861356529
493662056
425209128
22353546
820869689
666664136
973527354
563409041
76776138
999233798
349338029
317908157
592674230
173194174
274122218
530822354
707870178
783749118
140182641
183107658
667569543
628633798
448474965
203329743
709004466
926935951
313181374
407744707
289224133
460088513
386909030
757318073
504725492
838487099
443356956
817970425
551430088
812646863
465343300
862613504
943296415
732468163
971204949
229535486
56802858
526238545
754421081
790129494
86598894
493238055
225390705
772410401
70811332
941457384
996237134
444334251
373750874
762917034
221976761
775572725
694557359
233919350
69583885
113595441
682784666
714987979
966231479
294013257
218887747
567749403
710823357
650131289
454955944
280184652
258452020
836943408
25495834
616305976
978904008
646721235
205664958
277297966
680115256
678124026
973484557
96620911
488073943
127824017
711265364
189408946
630374668
964122168
733082932
24596640
105463507
812044739
559064867
829530712
777277242
962945467
893804521
576504045
439555301
438960859
760055076
992516067
910132362
443878548
616420549
987616181
281846134
791720841
562233745
516768338
621369862
490327572
887960481
482291099
607060014
657882815
55868130
788632551
980964342
20675788
669310357
608198784
38164984
202276014
793429200
221474339
854609892
259994253
933732603
180597123
924070652
51804358
378901076
893558215
833933976
539433065
512737643
159947527
772999331
16547769
258010535
623656659
174210587
597866159
249505216
448674477
811779477
554877303
858162243
429700746
515101111
23717106
372420113
644685140
651782589
750149426
844441311
380573035
788384245
441767937
448378808
172110111
366456898
411660123
204004726
271042360
93136541
620741615
986292045
382519663
639122319
864841634
534272832
598720242
114746552
39996428
423071914
298888419
382033739
858697464
855708343
842318042
481920656
912222952
998648552
313472862
830772321
139420048
332819346
237748848
222570925
563509846
244472927
164407297
930906872
147875033
647301836
699821174
680477401
983541094
526856362
509190443
609917563
275538308
151854237
706515694
715484700
352981609
735555232
979800703
884745617
453870979
95803518
275679511
572021440
912127728
781304410
615327454
235066916
540980742
864577833
499466098
530614605
29279181
90850099
871181927
370330461
75108736
709641877
428513730
62476684
721561871
297969602
494244989
763870629
195550623
948791805
327816967
93504135
126966280
699424736
391222721
638828709
232804182
168557529
823585153
670378119
303279946
217495720
838070290
276688198
2747606
463708130
988373682
15646996
126819492
577628273
712508563
747275697
271852944
911299346
923601243
379420919
727333161
494437077
555702180
210635087
13057588
941675936
386308989
885374522
52423977
346575020
139183335
916205769
971686067
780395783
99456601
18346021
675840564
688014865
385772860
467986952
478936128
821372415
558386799
244468034
919383837
139497563
37886660
365474869
103655241
36446337
240347521
950313817
9568756
830554659
431136993
648679865
969906562
565270471
115347600
247319924
14466570
740232516
759332915
439194684
710406618
413089352
321222621
678530523
457076208
349065429
437885083
329356457
722495106
325690303
140460265
815176727
803054455
661543216
972390714
434959656
609829612
822067492
743621749
23813362
437377456
694515693
446972530
40207649
50970569
983714992
35213441
521041013
851018477
764906470
966006244
371346751
930187529
966386141
761465935
163833831
873019581
922377012
995139695
520663913
346768350
71064418
185203297
658799572
181923315
725906224
160585782
111978698
47584952
943930682
527799925
810551810
934456478
459777138
937412249
975348681
714807113
34948253
782568335
521824637
555563025
824629460
147370042
543253008
477563522
728767492
2276335
196055179
226710235
416669551
345390841
709753481
996333203
81486121
662748437
714274488
747072719
922704539
688303095
714902363
495347437
178198275
616977859
450881226
966706941
553644530
376362901
563789296
536223811
332352973
25274875
227177676
562751414
718861389
165242741
118530289
918805635
452464895
145463547
993162247
573407883
212735429
295983223
5735495
625470689
559729490
240382279
571690755
119206477
981628338
91769021
779995931
620391372
122380992
810498719
519562121
54487309
503883438
501432231
992320982
167100661
8900737
104929283
49113763
269274652
487473809
299517910
524463649
208721743
619282189
432245685
316000921
619523596
955133558
72271147
735516901
242886408
529818656
35721014
61713141
625278636
640213684
604363976
540580427
307787668
591753392
427425607
753607807
470212367
800168165
638912269
990646204
438133153
638829303
728571881
476817217
745688452
379136993
372836252
72088033
572743971
338950767
111883356
343492227
79379870
877238210
629148501
791563427
353618249
643639760
607647011
967818959
436848173
480699873
870620249
237921066
116471941
331309843
716344829
875327981
331000129
350248151
378959881
637250529
109572743
394189681
346170348
371479270
497055277
752011900
215815431
444609135
601519169
542452068
533998897
728110596
744437121
731946986
106887475
910880191
904003043
771006627
926391116
183074511
290836238
93172089
612240815
632904696
636547807
861390377
143770368
769219601
17636837
860573380
939593946
41754757
159500261
445913646
369732172
68008403
958059095
683963042
992033367
100480013
373028583
83629612
544481394
307872604
693178870
155841837
545431303
792512123
58141462
524693210
294980595
87683896
398012305
98949053
93806858
586779894
721885410
221891123
253288592
10108717
27224378
278005484
910938561
902693352
984038909
438617455
839225162
132694086
13713475
238184083
640413645
319600378
330402648
746079495
128824929
76189900
267920699
537757643
85084944
809336086
909886755
115352244
47741783
279713351
898570741
48970988
672827562
712851555
411864271
638217584
177235693
590765440
399677313
758139280
914285820
926381131
266334990
621457266
615834404
241283713
502106672
105796240
216228264
157182839
954895825
531063349
47869245
615191187
484646290
110970372
238258574
621186512
475888712
450724977
635283897
729334333
964136058
967895366
358061775
508272767
963594981
297782304
754230872
721887563
848742136
162852591
392308941
214625773
209090905
88292473
739527708
766678723
269074526
31703767
61706792
955463106
581398164
881338359
139624774
538304241
88977211
884232729
223514306
895940329
446629063
958174290
136045399
739645787
370774369
42534156
421969338
733897610
711391588
573474435
264093968
55439052
794448353
175240521
710477683
365468942
348002076
708328131
435651186
89691981
191817485
962850219
340394382
218896925
799437279
394860172
505835709
319319078
756090996
238337097
2538218
742707874
986306783
181280406
892329587
24996832
437561065
405817980
214180778
250909124
578383501
505157338
738799445
398713413
501233788
323035871
419803951
333169134
482432153
358615185
635833956
218998366
224575613
8333641
991280152
181414087
540564469
855224884
387720161
315841138
572415359
562052820
158086216
232573754
591950033
950679421
346703180
996792333
48933714
500381144
859672288
672743278
682109087
465720163
8956776
434165
799193351
840188911
33208383
824139470
39770639
505085473
201261108
194539062
841177839
750871026
69603336
750776321
541856531
519549232
290393842
404933654
65644187
600333306
690891036
769648369
582000860
662467911
694018595
516865056
376418524
652575071
3008922
240665287
93181402
603430496
470701448
326990365
247830468
890173115
993396965
428477420
478476734
389049269
536094241
877603605
143380642
447109607
661771165
501785097
138137979
63057854
540156976
540928849
725543944
594497020
632918948
579259399
236875583
999831092
12681527
144136283
855308232
150823762
621748762
482930703
401671294
927016465
295580148
774589180
824625394
923648899
518323040
511691658
675150311
623823756
540630635
648939323
752463830
384766311
187151128
853814049
663179628
851238944
262043100
709261412
971437063
181093144
388274210
616339645
534111805
250494085
900817607
445471485
850484309
26445807
468762783
493386631
58208459
840535220
282936047
150524113
538357457
399122565
601449457
260606440
235799753
342413287
959870803
28931305
622733004
371278003
73087672
234148232
304322342
667655829
929868853
159165325
401461463
260601233
392229077
509490002
714980883
500948089
545203990
18904135
944723139
420381560
669059945
885370734
800347394
756020875
92703926
959308255
428875681
960577027
569101014
893214020
331893924
863167748
314160920
545876062
228017090
291121161
142254268
953920895
798642921
257813342
48717179
472802062
287455928
554652580
901371389
407031302
392859395
147322448
396449889
795493495
53761362
658982445
719754425
667615236
187023714
418402261
183420811
411573859
590041507
725679676
499789905
147161056
979572152
722364709
240097274
316819930
181717242
804150699
225301351
696173892
481031414
64370362
712322542
7744294
119154154
327822227
691812314
232564506
956502348
616881739
424687850
714111951
170342467
588188748
637516494
345184649
64163371
603841747
67472301
647640223
170075414
377525616
123146913
689682939
156915270
21709449
149752889
722575774
337613492
454004184
485741302
919524121
685160332
537897193
22461903
493604373
315976878
705080220
423511213
498505932
871769902
709094057
41382127
109157518
505203157
425980439
283523048
375956029
29814174
96478659
800056668
986478290
666079290
188025312
29296135
405844438
260013709
219222385
788062741
175157224
417511214
536408272
862563243
903772989
598436075
904342571
964596573
32165404
475930946
586873346
20095669
469393758
891643625
742918058
619971251
175324917
942781000
677426125
782848583
179977313
270806522
121685735
444414681
676746044
458872143
646918602
839595201
110397359
119530189
711543324
419583439
16232186
639417002
191661780
666795973
704133105
702080339
234292928
299566296
500556154
18469864
950655234
993910322
805095184
521095870
626160526
611031667
882818370
910457308
157265326
524235820
742658612
5204351
122697854
652438626
929108509
960440982
917744496
484974353
796712392
239893830
592498889
680878502
805297940
105021799
79619619
729057156
662905715
842627845
94568681
609559168
108832879
990778080
805145822
377019749
281793056
962285804
786086038
798067313
534704055
928508626
967227898
337660885
894047734
567223405
108210376
595675193
139674550
404186702
195308306
98435894
876235360
110830136
475439035
239843290
775683700
435703717
488162557
468747048
284481029
586316864
703239909
507964054
842495803
402276456
275413460
465091213
195226320
867702195
913791232
926654700
845363859
571832681
472810226
526915460
426199528
663348484
443135494
817677981
627480646
542935223
193971438
719314289
234063799
872705508
493335343
438106796
83580764
438186405
77079970
824822002
547032038
887988036
286222580
468564824
439101470
261004482
261773862
250946026
429883743
842810196
141671694
927781412
481992214
980656609
736629973
961087865
60823113
775311749
431201399
490026447
129474573
160844305
557651270
860562944
940739086
208600713
112054119
982643803
729818123
284637605
25913938
852488481
614077271
973073489
402458454
508089097
248278361
684656173
253423636
689510844
281504269
648437261
564097280
507879001
50599553
559105146
15812067
586535410
442522457
973660719
817336923
303757838
112143691
119144093
148225625
964855077
733842340
577040488
572905633
323487527
63909569
634264551
847002958
638186485
316240534
176430504
130412620
464481766
860164907
208869609
491615708
897768515
231237914
975130656
716736788
489563596
854350355
254050165
8878684
590668593
145457496
336919875
121882098
794514330
227484737
542831258
904611943
761821471
280641721
2108351
489239840
128467792
420829118
852655786
719790805
601316270
561283557
87586696
176510485
183697456
516018132
912128311
612964800
194741184
978195143
242780621
34798988
726750396
971656460
322099985
592905345
811473269
705893511
974716159
896410493
994335923
135307566
696474696
354575792
733247535
466169229
794812624
738205985
670019863
622655811
444808239
265085736
424979085
32346499
638126129
278345457
162809384
61733269
733376342
262095359
61605490
406864723
436934482
162356903
150459753
649644
306820494
210526353
373925630
357217060
73912741
598860603
733799321
782576210
852489192
220357237
949668499
105209441
126654938
894009062
832683706
345137039
992922293
809782405
420269265
296286641
565092835
483214625
651045389
630326957
642824070
928105690
197400217
153791742
131725553
682102949
955413011
360646196
123981100
591431884
434235405
84805489
596718452
184046444
153217677
425827309
980476344
432962293
257063565
935343475
456192797
492893870
144716923
705319138
234560636
610462510
673561274
524632237
459166431
381194980
486383136
431822684
943511047
108103823
486673526
910175241
863458025
129738695
879242491
758116579
61292588
581562227
310832353
417045422
133236908
513278032
679927246
376153152
756222458
675551600
129208412
623773957
915750106
636598457
575741594
339870077
860262340
210763618
201014921
175869113
398262628
678711929
26389151
940108770
946519322
182914912
480882248
273415346
353847162
452150347
565912672
504005625
670330572
143042244
307377082
191830553
134032270
626418728
857514396
781751690
188474093
918308903
900404800
567275863
599756112
527255367
313110869
257464735
266685645
162201953
128149628
41541652
825610162
345891875
404041164
660176000
102404861
52920204
64607311
570451771
844131556
673329267
900539522
708089782
858887503
36795649
145605336
534208756
592579672
152180018
5009464
101198859
107195090
549329241
936188026
960584871
191324351
73247385
473897710
242254728
524419032
605109100
835220693
176796927
966542857
453321247
681872870
26702196
125522930
951461204
494371019
693783011
947687784
445259903
822054817
642234459
775167474
821739625
725838972
941300350
811926860
982974385
626821088
591096836
71954407
686345542
190843209
866298167
450739047
856658158
950553508
411253624
882637092
199372738
44507092
156501944
411805866
823642799
396167982
692292864
63156281
375613174
244656124
636170987
53303621
893545645
881429502
51956775
366107894
855393597
769846501
173893879
382177450
639174626
933640918
50794931
316054638
268209710
518195437
29941062
100258697
746725510
155085751
145307055
31911665
976952995
27958199
252513921
495104468
419071506
245364706
386494820
737966096
961990836
532839971
840903825
882628795
375105343
56740312
15832410
740800668
99980731
30531667
93270688
413056688
757403654
724910425
140234074
592387239
566930513
980835750
258321173
47651172
876421025
832462184
856428654
857256320
745188431
19399360
187150745
659667399
465588872
874052676
660334302
88961977
99396301
430099327
936615191
677000203
100624500
790652271
177766452
993601315
316359205
888692998
56978871
91394976
261340254
877110698
806279992
685109968
816327152
580171189
444447458
720273208
711578240
735561974
886286324
196693775
644443399
74135342
868141377
130861251
374587473
833186451
50068400
342045555
532750210
193022032
71560381
305616755
977844364
533774595
911203574
381150924
63478971
329767230
73750654
123546041
895880489
228828168
817179534
455420203
180004170
14631769
247643887
320761669
493507426
268481185
538522241
896125408
78783241
836122433
637787063
499431177
922871214
914806543
509931033
288710014
759193361
853508823
425195457
157167925
434095048
108690645
263485918
594499029
443004347
137924412
648585013
355468603
925574824
59980979
716525210
284136950
108556447
758058706
669258107
384877516
323946631
587437737
302353494
576896563
591779991
167211833
147961661
843227352
374381790
817383929
513712217
495826971
159485372
327374163
998324837
441789840
268811879
625203492
568913199
146043520
332141927
662729535
386973722
981937255
646174489
914089963
675837086
924151668
60523056
292204640
151903942
711951627
955818031
437366606
589728177
449102406
479160305
347198807
825982994
861300848
102518817
185475472
822356145
413985161
378250690
26535428
822920936
168155333
56775849
502590512
913906982
579415820
26009598
773369224
902221679
996328827
283084990
854330352
874546649
12138466
83127356
199282244
913606417
729340741
638310555
82824401
486524628
730716763
989627221
346306010
494596215
779018257
518773176
570035732
870507872
13329416
648765284
719257898
47206282
329723155
194149070
447316026
229428228
554464698
37587392
370230869
203093875
213401273
23686102
641031427
336723084
704262018
231667971
813560509
544528539
895602359
465250826
416196977
808062463
35140785
822147845
552667394
581086378
187157500
252366817
507381189
54885030
829497816
979814624
181685509
447363723
640231609
364018454
941157248
710302730
359032008
724427501
430872552
794622054
711646305
388317858
484852067
605926133
233890451
212496581
353058315
154323876
234688930
197505212
593767790
531848560
472042376
264537408
572279055
32360173
419358320
9725150
207496420
849310403
196828986
496335992
73744854
574954540
8024570
110029762
628045892
179185527
56239736
753818566
708165248
134716041
600723633
974490976
185135440
853708630
757188437
80879042
919577198
929783916
57739847
781351153
468777737
325718889
251516705
681749062
196646466
895686015
259721133
574378735
803391920
828001272
945928300
98743403
574820316
58645164
418518291
262786321
393130693
745787532
42268425
778280074
815506013
387601434
323285995
597480018
618526475
259502062
104218120
923216443
366942247
344821556
792013541
613526762
236556929
423035433
103215034
656499800
884282074
226309281
887773683
203444306
357601385
503958147
604489648
764588794
685742935
46690891
446009926
218384707
539471684
317813127
721111740
612486009
17410496
50300251
585719886
2279351
623513298
358987518
834450157
670514799
649405813
477856826
236971965
43615462
858783254
88262640
617249173
189548981
23352599
599031441
304228227
828001609
150618959
87270054
918069062
758381667
694268552
718580554
626705362
404220569
37266943
857522346
783950287
358198995
74726632
441248396
722339354
453406671
479981287
928290501
181252675
750145182
132503192
950220736
479034637
684999973
491641864
702278910
182365937
227840157
475709242
285775249
176967836
46071827
136672419
563371681
306054508
840931048
151985070
75053031
938109431
619663698
445366072
931747892
595632772
489286873
592907285
608290283
951175568
354951899
475727241
394786178
153306698
132225801
111391184
204592646
914291991
670651879
919245464
785403796
241259023
624649040
777002369
8793056
359253886
152797424
704529060
181529778
854906468
981877448
540069129
148080740
109881589
439527854
842305838
735250022
994757914
999140810
696928647
273167802
242381550
118883610
929683193
193695608
278947650
608255982
99023198
947320138
373406746
210647917
770278916
610111473
523514158
962725391
641533998
675846591
922209897
149603872
916788114
120567067
92253293
601158211
69204185
85951744
11220749
515731949
422840354
749812094
641174482
958322662
31355775
80452152
922294390
490196172
749694838
349087972
16099692
745047951
793894785
768533454
616663126
802022390
317177486
549303381
875065486
10262808
457536384
373381996
610791326
711584740
53878189
288845851
763716551
304187290
112195422
812299772
286704254
19816528
777085522
22776254
783579370
724351854
682052667
604336037
813616232
733440049
851388224
404523016
699644679
737439788
413992057
289563601
622109196
546578882
41207926
239581953
428870255
543497389
86827960
264950569
348670812
204326523
70059830
268527602
288651443
619273484
476485849
436202390
658047368
154490133
991456768
524215653
120966308
151112864
185278462
381084738
537618690
400123274
34204823
19941667
384233555
640599043
696922758
441412500
785900923
197174033
873933818
433832499
480105745
625524494
809203989
522080565
989109731
155504677
354067563
308879073
753518448
4379865
899041673
772987408
854844012
52115582
508651883
409811124
305272639
557078462
921831685
388229709
769553030
863167766
469658555
142242421
853991313
52604246
713222121
442105173
46974179
747272740
188184924
172028973
712486069
885063801
594854358
967451601
347442035
566446371
968533390
992028967
941768254
879411009
78901678
482554794
2148200
551240395
523359444
797152233
996412667
199340807
838036881
122825736
727384883
503341333
593029869
539573822
520904959
392849508
564658913
137561430
352241796
802280762
364833499
315362607
17849754
493614896
831945790
772559163
680235085
879876019
938063583
675517188
87410525
849846405
792242569
46120098
488714942
931743802
369938553
733581126
226340377
776356540
865482211
345759667
745461065
96806343
684138604
499771583
106697951
344495469
957574574
381645270
237399199
611419795
71676599
500501367
529186816
227348338
126507146
395921845
399549616
693782039
984352924
833232056
865557262
443962084
915635544
906840378
780404398
396301581
390594204
297509642
569887960
165299483
97943098
662424972
785990409
791830381
542426232
450178103
875939184
621838002
141287056
361213717
501777267
121000047
797892401
139458887
495639080
149457791
14188796
373196159
358614236
47517327
472879367
78503043
618524047
375510686
8514397
693447601
374343030
821519747
516346749
831279989
399848312
917109862
660428503
942047189
74915506
480325
486890322
570224870
356833011
527988337
38749640
805870932
828587840
495193871
319616648
318047966
987827793
741113752
61841875
15449815
884407569
686652249
977919583
32669350
765633314
808639987
583322072
65841735
31358296
45880284
709450074
265820360
143635513
288978140
305874936
681713869
682783876
723441809
913633592
883948300
154885542
118212332
279296917
794168018
164710982
60328114
761833724
595798652
766604986
360477180
355873615
897484287
721885072
53780151
779902181
161609568
610022919
604619044
672024839
435979068
697787027
8423513
684214389
795923778
236476764
894278846
306742239
642213556
943909567
969475729
738347628
190796010
162527691
587216995
592592439
691548111
45809350
941430168
48195789
461862497
499154854
852879595
59927472
291222325
794719384
343714536
833054935
683389681
160982652
35901552
934516524
168792273
537762663
957729592
852038412
500100387
43286304
144412747
756805835
429070795
712162723
290155651
16263470
894755519
132650913
501912852
17905134
940690571
527068926
271406082
412091451
328220366
93845842
769902757
857071927
918883516
700316777
549838380
526145143
358790042
915038403
816240151
294424710
335464261
389283348
360306363
586393442
720594091
146873285
691899330
292752124
911380048
430196081
655031977
918927804
198645963
593525097
948733761
579898619
247975751
780089648
368704046
629590919
24961026
621233664
290990443
314190883
688295121
254043971
719448771
813433348
514215322
245608219
365604953
8370005
84184792
524821211
976411426
337888692
985059867
207053707
863155558
303291059
330504837
804396136
507339586
881588312
614793550
3139938
602863401
209601437
715113025
371636636
405407838
81599216
367338557
586348015
440158587
261902004
685837750
968323431
442655470
788719551
763060529
944185284
289442679
364108250
151991755
782341627
419970731
890028100
294935474
728314035
992411508
765947951
214667946
169011400
111563407
184097601
686823561
548893643
891574540
636611604
196064699
620793472
808238801
435880630
992020928
912260959
885239064
863783210
75095465
255117588
170028780
996198886
579082911
833463551
116029360
509921363
237930076
31076276
303823768
244210513
961231280
665470332
65179694
177836976
146071805
742138578
65246926
625864375
586256059
983677671
40938794
342714528
133379061
179440158
965990856
34129690
612748490
251453073
502796927
58790854
27596525
967720586
383372541
234704059
64098341
363966219
47472964
625226498
459054285
512263751
94445608
75535643
651174485
903091238
819061715
175578998
761376192
749753029
439454273
270096634
748377636
393310963
586534852
910122882
745113901
133996213
383675265
839143515
905301403
930335171
363937265
413743303
110165439
177288713
641595746
900946557
606847489
738469416
15421043
222499367
731021149
95135730
699544731
90500578
970808290
356782321
580376227
744610754
45991218
6514401
723390247
768686667
941369605
825717809
351062809
673105657
513060773
988989062
899296318
789245113
242548339
50598199
236886447
759323757
750152801
628777426
23163481
685420396
905774709
515867798
369432446
77818368
465885261
912559351
34839346
111688679
734843542
826062878
195063518
413247186
272415635
102591846
693184448
37358825
964679580
25845472
273505641
849714501
360244636
466611663
382059070
808152180
5334930
489442605
897815032
3222265
661899537
245826596
490356260
643965385
946314689
263000214
893638308
851110095
176062939
942137749
411409452
248870249
254323377
606587884
284442309
786941160
386947364
636000404
241282125
131311380
478150187
746618176
664853237
433346726
171795795
730519762
964869570
679944653
458125625
689431011
665706253
340250281
125239826
137552703
13234947
63736787
721944611
174665830
790179365
721857235
637671497
169287181
892358601
921388200
383136371
350294683
399485591
734846532
809601571
305247916
523895053
369607437
428745457
516273041
867394556
602843485
506610952
952182222
113626888
265807618
385104807
636037019
169247020
81436607
195419041
863434595
662385972
853123530
326405085
220976712
478992961
690792524
254821335
463206558
641315913
835641316
540664349
461308011
309028500
901528356
37433042
560865773
53419072
745010962
584646703
196105748
44668606
987539369
613883133
334301443
813786194
861563989
391641372
175260308
324147351
313254011
958850560
424250065
260517625
190974958
605656878
193458812
821315385
45704571
292017859
212683655
573966828
217584478
433279469
886499741
711462140
520367050
644700017
248845463
838582310
724035941
489446435
166902536
647270267
805387722
905090929
668395186
678730207
180915206
626015193
439959822
906545037
199182107
175845229
743638984
769779345
388920448
545167446
914740544
345488204
82358942
812467023
883545867
489713907
222859605
883669542
882445424
228105232
940927605
911747134
819685611
175103232
361880646
803020047
437377197
133738611
863190016
265266340
242182426
97252848
667135059
841111580
872829257
979600974
166630881
824444971
674928264
160330300
989970367
246654358
579621078
253586618
49399287
444835258
972952423
474982813
224905225
234111237
248598820
557479951
730669925
327816059
11039016
180048653
279302131
472298802
388381507
295540199
418175628
509193943
250519675
131914435
181375870
76904487
203487110
683712283
294030604
812477047
33386322
502789690
135046635
843068717
158278013
477258179
134186950
81555524
241698013
414290986
930120122
268081868
133196793
173355833
944224475
25800551
637630862
1686157
570676398
118013133
176080139
699520022
168709037
630244425
384399125
318959770
360332230
938795578
533722628
422846003
900387036
482111635
75646052
875557068
173738820
32887643
442106229
110239400
477092425
902083885
891941804
246613211
866185897
622825401
591449904
665850831
257422614
835781186
33742429
160355776
4244150
726206494
289630788
284628288
77052323
295653178
32065321
15949236
127656299
319176851
740605187
229027798
660922769
229531325
213669888
729268273
207823883
801578592
253832447
936694184
629605314
163014326
576238100
771319279
34534165
678545934
919111431
764622351
764006998
549747277
309098965
292647655
635203659
770125671
226135342
873565094
392392366
134728170
691187958
425015378
716638382
374337908
266828484
17967684
258771820
993665848
556607077
545661609
222730366
654132349
788223066
670342403
72967792
640562462
899953749
51611046
366119742
289164811
768118721
463127099
588986587
633651142
394675767
322273344
270907821
88363240
25508362
296941958
185329935
217978010
346607292
198685874
647624654
701703452
353622918
969076669
4962988
85550145
663936468
992017525
723475680
769437168
15422918
219542265
17830547
482885285
112337072
995229760
55696740
913176046
798386075
87683730
888603878
840369903
252681666
249984014
927475485
301616863
37335318
229942562
790134021
538838920
456913595
174932246
557276939
93303755
591133065
850613890
241758609
932502042
48080523
333462483
548103022
55888123
726892419
957141963
240337516
613714828
74642788
285360637
437591496
365290489
445140695
228377429
237012662
930757640
473253046
828619918
303920858
651752334
154112660
611517114
680613072
252934390
85237043
967137213
113425061
805790145
856493837
586233554
621059163
993105665
121001676
89727749
309968489
731420126
1147858
644016056
849625657
397918225
741119153
357212446
109896873
359890027
329119155
614931139
426327179
510240591
18598740
865642497
711297316
356259636
128731843
900237452
850229936
501085988
395135077
219851496
549392092
483709247
848122962
540790510
337676107
58774329
991881942
486794826
482888722
370348759
668794609
993884416
916806204
395000950
307100376
599003106
259357255
796734853
33130609
984880923
581556389
192189190
114661339
74779816
770361916
997843473
745285092
143326938
966181094
353933392
217270416
631539926
641313777
724518532
551526809
552922388
446815904
928963839
220167402
634362339
83558568
485576232
769171234
938361827
210078901
520685306
687722519
105069706
825002723
305157509
325329745
920433312
904748868
729513324
831988363
155023554
319635552
964668517
205906997
907663331
169380273
549024956
56072181
955124678
770029603
831958480
812606753
623388550
546563226
434298005
62458182
207622159
438278252
287224336
24577189
571283106
505653218
744509406
675079344
899501908
544400059
676579501
385186961
267495823
327591081
138922177
993281956
115167376
639003602
475376753
697995768
132229607
933701457
645257383
889621202
548166139
603402162
698421092
252675370
295761027
141367674
590811705
442426924
572095246
416291740
760727759
621834680
676713851
463357445
277162849
990787811
929153154
317336081
989478204
980922483
391597610
688003347
514131782
219846503
808413264
16230098
770681972
718653292
383870759
298446342
85310034
369928553
543570354
483027679
781857150
934376949
121588811
612603774
632467502
701690331
999634720
747238010
155353254
647371421
456762033
751062365
979877826
620362478
582208595
773071652
586130291
656167734
843678896
366816963
980222777
698512402
50166852
281957278
774160558
865375954
749020641
32390673
785448443
180075001
515607853
371736041
269691488
370652608
241236255
84737256
211172017
167194260
259100293
936167237
649956308
628881299
843075201
136967722
24166212
433002259
697281287
958942773
397529488
326593819
648364385
116968439
778394844
879843815
585324203
428981880
316526431
441844841
647040599
578240433
381674468
266940610
233023658
463705360
767325770
919081165
314558270
535803895
157581828
839749269
769828734
565201982
408656025
56098010
929422637
653039789
566227492
73284497
701635807
356693890
874291157
768365152
395772029
955095281
181212271
353944358
190047686
923785119
282178248
169717872
272703177
153948966
387045964
422075909
76667500
426798228
423007098
758491484
373514984
237753068
635215461
387172896
385696330
503553443
649551157
92619955
755725043
191738148
374300324
751247016
355562521
269450573
583215233
300458823
520591941
230795248
282391088
338845197
245203411
821630803
734330152
569386282
340402549
752979120
499966323
933199873
225448112
789272246
989686322
285672875
481300061
60314630
583100951
662759284
657667881
225071030
435148776
592309085
268300822
444157393
968679683
708161176
869746935
775684053
378223060
63233039
652087032
324899636
207011937
804732126
674371860
487420884
433284799
913297620
385750173
445833360
426848666
995103478
99261880
923989940
251449521
826905084
266600414
383776644
544740695
481809618
75491420
490594486
790126835
571247384
398764755
666852595
497653633
472386978
4413881
325970779
531212815
972358905
628220630
882006270
196274497
77942232
222580168
15531363
78062541
62747568
975591040
78458117
757790464
554699556
24501187
615064016
325375799
887283342
645093289
38724009
970807399
845068920
826003489
393956579
924508821
774958116
752498028
636000459
249016926
222761477
629377181
998781981
787701617
463096387
294998559
879607693
522710288
981144891
665925167
685847615
320561811
398489597
304697694
357260367
858300389
744344780
126160657
87906122
848034821
389814177
648771584
483669170
552352645
676242600
763047610
781046398
568005391
26135234
602019871
903188888
262686171
635062785
101588453
392243293
970410042
900359727
614512916
814785313
388472335
879854920
532756618
786068136
223996752
185092603
87431544
787249326
171025033
914225197
281356770
274079840
828199769
731254133
85006627
254295265
80822516
828592033
670154342
637325254
969817759
712933168
405260590
461173658
167327799
291433943
631700432
437276762
234887850
866925308
836075508
68370426
701832828
960902717
707542808
891078367
36992580
547553258
967808268
35719779
402344749
491664775
955988599
546480468
794101621
493738059
690791248
64904309
611462385
373240740
60328294
979487995
820413319
208868272
837979865
9059089
622874546
720234949
639099038
840346709
954645250
534319339
541860095
881654873
959912089
186464348
826906649
652803362
970214319
642101771
807607388
243519917
398212111
236914970
647188751
541704293
118707352
926506082
676802761
559550894
230751166
799354607
352939001
389689949
260720134
413674114
505657182
175472701
552927373
356059661
39469712
679924364
921103745
639495738
66096758
527065724
992757926
635031525
411220941
986934707
419803602
957830301
545811879
372879052
268313458
128154919
456629738
415969235
438553859
208452602
75001293
344231116
698901401
286363076
765991007
969675309
532027996
592495588
680680703
767824735
702468358
363172590
632280549
298247489
212806247
393191211
541814423
865910949
336570081
524668182
352898165
437058770
704731372
395146720
454266670
974743552
711084947
817231852
773138248
425887711
654075637
480446292
250339996
954562576
994053317
687560290
269676248
960727722
185297610
986036248
76901371
523081398
359259487
238569129
992279773
882158772
683608564
935632893
264098212
767377172
968945548
337139249
575584336
430511805
562010941
39902740
766954800
817954698
177117363
879018924
170886506
324338888
362730158
580444335
529713527
849090489
279758207
562457866
678693284
867897364
756753294
967714141
370078867
140314242
415766487
44901757
771451832
626379555
241247849
182590192
745960924
620141575
534389990
631314805
568451486
658396598
713952006
195779450
159027181
89297833
768120083
329557156
418717839
3741390
124047470
610235979
681381021
927626247
874995209
167655930
71539972
273306795
689017067
584844787
653949701
248183556
51412655
829988265
397094070
268542160
103740933
421839429
197503872
765956032
351339311
997364002
851839647
144710652
300841093
351934545
313644453
262646941
593844978
891137813
641594103
131957809
915534453
935344232
628963918
540343610
454993057
426794356
154608951
790377648
967589150
660122139
968500115
654066811
375373862
803964784
924431384
708466169
582163720
460713019
728401102
996836478
211848360
289156985
465677716
688928207
385859580
517081817
945135256
75544230
841083537
215706432
530035938
942311217
404994308
509943622
249027274
478748051
191247242
937312183
409704061
404571234
205831784
876635156
260015740
242479399
202912379
208069903
160843293
319557345
530404786
695358738
145415176
181969537
93448591
546007736
891127995
609981295
473487786
707912018
953304839
854380037
727860782
986442084
992393361
211002895
825789018
319606054
356853842
201352017
650582273
770398468
395734295
365115393
769229066
716206110
460078593
525765960
938105841
167324872
525715717
552424901
220296772
785658122
217348462
35113994
237372454
280947489
315635798
48215837
774357968
149750781
199998257
189278457
588451851
150159298
610782787
574596362
294932151
954377799
976492324
352177332
516171080
926798233
446954307
765777357
123692355
714505849
174168160
466764574
317959365
70517466
934734097
446427879
653277437
166871140
790174014
464634200
916151469
572402420
747929253
686757656
172967084
518449945
624165718
42436034
44220519
498408600
254474808
445131874
891542620
291393769
884080514
537154557
734920349
74329016
758177603
964123655
743077203
949952357
674705371
282885354
785728313
127652741
334817408
491254918
396146717
715589471
786904506
75917483
223567202
87679599
297065446
813370784
499963520
311045862
241829815
663072416
26135938
830586408
312132272
164303960
437699463
284926797
142844844
547854698
98308931
66284960
322819926
689826029
132374395
361555235
419653297
301127403
970046348
835857161
114118034
617926370
604519908
758701627
604269857
249795139
284634759
455994836
778417243
599601910
492327819
380890021
542795923
974271956
8045469
318194353
993930220
439054635
353327738
664660913
893084128
842724669
661516663
718000018
443967933
447901890
129600506
663669746
84804387
777980257
19168766
955990951
111216263
788663355
651907219
956089144
568588723
375009889
340586587
492106082
681058371
248198489
616547342
264130964
202247722
605238172
324257015
675579507
541080619
975206683
11361653
276497495
283041376
809963958
511055227
286041548
200086711
332184003
580683536
415157779
531394927
1330829
112617167
946002846
605925791
570325202
329730152
556416151
270044592
537425732
408131870
786116953
781216735
271480584
268763719
705814261
647457980
285700155
340312016
779276207
311143853
928978024
48370870
997571455
856288619
311423763
407137165
438227088
297601667
700173361
471090941
927101380
520266711
863573166
359436352
202592046
545198363
816794342
972288421
770353815
438229337
529124140
92664081
936108026
715482477
872228422
256335992
458798599
104432777
310781934
242969192
979470500
545430194
340270931
473128575
526300519
164440385
882721686
72047600
27916317
218316644
281574477
902540290
394266951
276817050
55801860
830776464
75368600
61364026
203236023
921891466
738194808
66599661
219258969
7586418
493005187
151712047
926988624
339501281
307241739
961365458
937647351
250286336
959374226
4773243
326125594
813865743
592401489
200279075
238258046
925192929
870344884
776897431
837227094
8015453
786799323
965193721
834604751
419070463
836804634
504647741
947693701
853677909
119820666
969862316
321589003
905808771
202405431
346478948
18459752
217312704
112341055
80035542
864759188
952360918
223350969
527177287
926509823
443516582
297565308
66143312
766134027
541374626
222112915
796085086
949286541
485928016
151981248
190777906
720303439
117145806
921625078
387396194
508688017
962408008
458862814
761359062
268163
548152452
654412371
52688972
426527181
541701463
743270885
655281109
565925896
203089709
493757530
873475926
855157826
742828420
263137320
607397384
328233597
84176753
495281148
982206712
231108912
577600539
312506679
481943943
628646853
368257851
749752940
424028139
297650458
582414242
306831331
550829484
860749312
540076467
516234776
77738024
950599615
631704037
976244797
703091984
522965648
956731202
934118580
989979368
299488289
976396778
551696278
375557515
204352021
236706705
798933294
72921253
304060033
276411900
207319679
296556599
483262576
545217928
306670010
235196183
943874656
800118180
315696329
889213805
772186307
239096146
417153991
282805047
398029951
224268202
572098437
713273541
62203246
919665750
715935751
529215294
632330974
928307735
676248836
550100250
217228306
310032191
948370538
223798949
998140607
164523573
806565080
310473859
796528016
563748340
166575138
915335718
897904291
546513548
145306576
545347161
743305226
909798816
916105631
816190393
784937035
41703654
12012543
105154358
29585120
829507242
297799315
840799895
490347704
459785291
738518708
155074291
941592244
475615933
944370671
955821369
826377771
855330565
901703298
873254569
344619878
835870912
865739747
147599193
687453732
16393372
975165241
473442993
534954007
801393885
603226080
198234094
66157413
224362458
204306410
561927843
387307817
353491069
959484057
770681651
285545967
951642311
173189861
858311513
52699195
447864393
710573564
788719776
510400771
822688428
827105725
768997099
934915633
618146859
125879101
180566766
313921826
288267795
85104451
39030451
8375081
627613514
332319947
65559063
296889356
835360453
925193606
309501770
128834182
632504336
756274263
219200850
762860740
71714762
377018840
536311433
977860840
18223654
844483796
95926554
927430537
168281963
157489866
199874952
48624689
198403700
188231792
736568615
452441053
812653874
251223086
196355745
776932736
552617765
654411423
341811315
97889921
379210727
493058835
480312685
177150265
481298849
115461135
396499765
931059062
161703315
676285388
516034244
283895546
730294417
417192116
544754920
395823100
280950145
932259816
841615040
640542630
213252062
666207165
467523652
65298069
303933495
645145658
760191162
252691805
817704624
59209628
771952450
307745539
810690432
979017426
447719243
673202560
381633394
983990273
543790363
938381893
269460581
64472833
54127179
57276081
926345164
429509086
252782152
940184732
603249454
385294168
299696852
339395280
694697126
204349795
800794755
975076235
65205604
298760616
530474303
645677823
997066795
392640514
876322500
206276050
526006737
848970498
639125284
579187614
256598466
153248363
18698564
196836721
139894909
232021943
438274397
205758030
110798869
805074576
182255996
770631082
632324786
935980888
102396419
952560112
450056974
268585378
535751718
524078846
66608888
275255478
282865262
220439206
882791892
66156049
439060794
592890158
696581401
879098851
838020409
446051792
247048401
422762895
806614001
939746618
929295901
319866926
475945530
924120079
773407663
885505293
116641476
20074341
105765453
926570026
451821709
217003333
596386133
100185275
247241068
154938158
719580979
970810791
158173321
846162578
452378605
964827146
197151970
275006295
757766552
86027701
278354888
42603607
656123104
219759532
924258144
943280097
382571908
910175399
307373859
267535926
310288599
253602194
313186398
6968845
714038848
140577805
279587506
831763727
793617339
312460524
587181717
318230619
885954646
789452984
482782672
19962116
94575797
647556652
826363903
268645006
733565838
331052729
867845395
555693940
477193262
747006211
465392083
844066213
849302258
996332385
336690263
322511106
63677391
398498401
447049868
500065762
109717706
556158785
191107763
573050767
709529216
550054007
727081442
728299206
613006496
678053931
102666369
14264890
639464044
448658615
102891726
272853266
167571772
250749742
312876378
459131238
633382139
392681938
531819401
798322886
176072872
13054620
851611670
508380340
941368533
243833784
627930509
221092645
766592044
104247303
203046607
61547780
856570853
534680987
466342801
308187310
235069009
745771070
491593950
434556535
623243091
477792748
880002960
598717219
975482081
853832532
560375003
746345582
9688967
251150427
512235715
915178885
417495780
357033113
659574944
508277643
370647084
642902490
895148449
47172117
3089572
127158942
176640326
112609198
10859561
251724953
635634661
663931987
94353321
831170355
643054886
405813240
767622056
774371338
461393030
866928386
592583357
265363307
21758424
232017098
165075987
749735645
128362431
134109217
760963048
354613142
900846134
633297350
918403089
666860804
994241288
40903410
588033140
896732486
345263192
238612429
64861068
717934000
631053595
866060278
610241257
702439242
883335065
316777726
569721261
851294545
847845871
171895533
42879248
897329076
47259792
506335420
837124317
904544152
109897919
416759002
67731443
107583957
723701015
713991592
11921606
60598648
112078339
482715132
731479003
646912063
904230982
471523745
453853775
623789855
879929716
884737493
744960080
794903233
58374775
253313994
302006690
531297281
559701516
281793830
870027803
727210094
87408451
298898563
204714024
437834445
325948930
175168496
974436166
237192598
927566723
425615726
109753993
747821429
102470353
838479732
907249945
712003529
536062799
215447403
31125680
645037865
181665585
767234098
809552926
365072346
533703169
263325851
58292677
737443418
489372443
996097516
989661213
19575257
902502961
91491936
641330737
1552059
909519817
937595300
745607200
953599767
660653498
451271002
491734429
581823291
4835762
729563033
876224623
480161317
544511411
649800554
611971825
511370251
366897297
103665996
657908371
212400340
116115574
960144818
707706456
98948765
560570206
633771392
92888406
302759990
982250395
807199889
473272633
278843298
179026002
76967476
165363393
474746522
614115324
846229419
724752959
377872650
564646631
474353835
73113628
813224338
759612338
287026142
856292177
796985863
575899092
832997732
561891824
996768752
574348822
313319245
3223450
430571273
6546196
590950945
947956231
182106563
746044864
990209368
926508929
472443330
414857183
633154530
839073641
158277214
788678794
952687777
383611057
392602403
968772270
609070314
638713952
122636369
120826253
647445768
245302289
293945692
236066619
545345208
522875508
261841772
606925089
231246254
705664971
66592222
859350653
294939663
354246766
294289090
388691680
160265972
327436104
862159708
230396079
575745774
915083352
369616547
875432355
678434428
228521265
37974981
71056201
832183447
814413691
417719968
78237571
646775590
222159216
468142666
805865221
838768522
107692127
559063946
835130328
63523604
164667692
116736861
647235034
289356682
715845837
648054130
368664380
54977446
118700751
503243951
571952899
836304790
146212303
574682026
239296392
218215293
749301250
167350064
910851320
532427760
151140781
194902721
168033748
952820858
671450029
305025809
906078578
388465689
727844849
284615817
701598842
446739391
505181179
364529605
254700394
745683154
235474275
771638804
329945875
295668652
449101396
823020027
92088089
531937308
316644877
735690673
207231095
627269603
342002529
107607972
233695225
28257591
929297207
827733747
731894976
589636420
485509387
929616370
886866114
644980390
245100907
98378922
935955271
769669104
968536186
322903382
170885997
355087400
425523825
123032806
390236325
324947272
466317337
24190336
884562739
810884287
543394642
466043642
291607730
247892462
348893584
603736930
482246798
88456876
358971992
851785590
709347464
821721538
99713991
730669356
516462389
90188143
962592012
691468331
128383104
862387174
571376361
70415440
358615587
141501387
829586997
377956906
232598066
616720057
939163229
386595198
306937232
829330879
207274463
131198405
780274296
987741151
421946573
579409577
851254006
178898061
658198352
345607307
38798187
564825142
258947619
174077695
509187852
879599798
702940436
684555086
8474211
772731873
515821958
530096883
523673037
160221691
619183857
56835104
384829434
652674112
651124576
965486134
3795057
332244829
976120306
941250128
224714249
785837556
500058459
632064953
334132593
432526108
843677280
503965297
768079273
742574815
995248222
501112748
229971078
386719418
64277955
404626002
313830194
369889825
113516691
75373952
225576106
218568441
229600996
733841670
80782398
759232539
262742883
444009447
185180180
328327640
679955405
114205405
509469606
953243247
894329719
577004242
978179647
911940248
838409159
41182056
983081346
611525629
712627896
580940657
29037027
914672572
977565530
767352184
626657580
367619815
674919503
776794166
209253626
968532227
684874831
968480030
739851069
526486668
177421477
621561554
92435643
965853040
134132144
7643051
806007182
576332687
776223075
926649909
117649825
641779522
550756293
4507568
879087415
459498961
187302257
546559632
186199396
689381371
381773847
21397758
537041554
674253425
960917242
712914774
995111165
837416539
272775537
738295975
45163319
428277714
140783974
328772405
827266725
401038949
571946969
242875642
890530305
671200149
860112221
93029921
714823638
343705944
710363802
216668553
394537223
838049945
459122378
631296841
904166728
13971382
611202621
865789222
774639522
895210753
871837909
249152286
878834420
112985408
164790409
563615201
222725229
202213422
107023334
217587538
290079251
634642679
405446282
626692362
570410303
619285695
681653672
929438422
739794718
639085340
868192391
616609076
65650994
228355223
668464898
308923866
803689935
819430192
752273417
696641583
77053086
411355863
617778718
169063888
830006558
222575091
52061146
461095692
404842270
771345374
38407782
118604136
287611204
675398503
123748866
75373084
241735560
33344847
296060033
251143828
263149498
993790157
560499146
430296304
489865720
329453579
219407449
107800709
979171641
254607526
736012732
429658713
770633669
463915057
354988311
474036139
291862459
113110707
446946721
547789929
112520586
168248612
269179684
792106423
356172919
415725044
588078721
248190575
796959517
403123589
533987882
570601372
851708392
245798059
485761189
193368318
606805914
537505075
523906320
718409097
113698759
699734106
757180823
352616933
957143896
581170513
401804288
265784559
381403403
296977856
404717088
948727351
586404337
680102975
164880483
704596096
109081583
267629790
877554759
22312515
35542077
744716191
411472097
43983917
723541482
939271415
885202776
240163740
354747479
892354641
94410597
304882470
711772087
156176011
894255065
272914194
746225046
112785526
550347031
444116445
138623823
829407578
329425302
184233654
796677267
532904304
168156768
19597826
236825065
976113254
814223253
391123929
764789033
36158431
650863337
780407943
104564736
128930800
348929569
253771532
781620847
131099556
451215258
961041308
239833931
554920825
597850819
586632736
200560319
927913952
522260126
894102707
192202437
29397441
167937091
123515942
573918129
347944693
985388892
420257917
903641255
549876939
73897130
936825200
210081311
588577412
671469695
850996970
553752680
955599830
265780546
460224397
717461538
464357740
510108142
447745836
349835971
90755428
582251667
953686863
833031443
182798288
218002644
430468531
434518959
293082934
688499303
178561224
337553802
823686928
718319000
597666865
691581031
881372237
773622726
908623688
93773665
301751758
48158181
256496023
405359972
109805289
589956858
395127647
357552561
412483562
279706786
858750997
724930653
353795725
406444427
809336544
745466578
599075973
955912185
387560733
130156621
791945208
434737219
582737627
282291294
325633536
220811091
87487327
469947756
490912556
550035242
229558689
936148782
525855229
688657753
408998605
854167347
647354218
51103625
392819907
896188763
340403548
823282677
319110807
652908635
430457139
784712682
774318354
605088829
929716287
272254030
875006255
171527901
69603399
322315798
236387487
122557550
148941318
935511758
944970822
371614707
162676137
411809557
808031419
613804486
52393298
531898142
417522892
893590549
111289752
154309936
136422904
125314400
319228932
769469479
558419187
220162812
763404694
872704497
687198245
808562579
43840318
656204305
932184619
482311585
700877412
298166304
737007188
649753592
806596448
80446023
853198118
862480958
13637634
143097287
714499287
941990762
339845644
633157489
97435604
826716234
154145715
225882158
851903806
278369280
117192226
158183800
957552487
567065728
291570166
43831774
952035417
938094356
694417347
837416324
816271952
807436504
190208653
618825377
876698683
174967614
997061712
989921792
759147583
928034444
83764857
860944768
198235188
200644185
32266859
675510420
449514534
732075027
358011899
623425731
74900693
852330364
510470132
726430760
393588277
376704296
8375444
345436659
817526767
328012544
153907213
88323303
605759966
411453123
492433668
339595738
144554131
148761728
194145557
29447736
942594002
181592349
342614350
946132096
693923090
57531091
735620271
117573829
397366785
571816367
80553137
332375343
139784957
483943442
903068604
173288056
588274588
448513842
301962671
344351855
238422822
707909016
771907676
14351480
223679766
590079904
406993929
120287242
549287324
626369020
623843824
641637679
458821661
12014129
721815231
66560776
598254002
133361432
241378585
239116359
538464165
571954526
562954772
198626226
877096439
73491461
474535865
127422119
38672349
101485792
57480583
150255507
610936894
327062811
929250032
228936825
299279926
568722353
66225626
907863921
619233687
205868020
868270879
788727078
246733667
481794569
594164494
52188503
981783634
10950505
752264680
607028055
199818066
399737185
310332516
355195021
70416898
598591890
225571883
737055477
358158135
243394162
725440092
182562205
594884983
147913
14677001
229134121
391528832
279003445
308747961
214684751
68139714
50797735
773438692
60780636
594180065
127244004
488018042
718400429
202090804
691057668
168122716
796110391
126318409
64402934
904808929
12137983
953624927
812076795
699820371
181709730
935519721
45713958
89410671
635999439
733931282
828959714
858263016
31587016
90530100
497020012
158525669
584375013
571791711
355930709
45721470
567550225
843369944
305890050
884544323
42670667
880455320
973077291
94883254
566641445
985848265
597426015
959772876
643277897
201963596
838948990
301352815
314607343
236617270
307880510
639080959
844899688
835408206
178961831
763635916
985932183
250153872
820282775
415032990
188422002
883048365
324016447
786822446
751649669
390426505
219865251
715339690
948624751
226972348
152768798
68294964
896728676
631636242
968932827
204863331
753638313
157617419
91267166
697974465
206898459
758544475
860529913
561326412
895684520
39608427
112804695
344225526
961362388
165536470
64099061
141412388
717934646
599438829
513922979
106421810
831103993
65979699
521664520
97477102
266351451
203858914
370431003
802627096
205712945
134871396
32799659
400952809
925446241
92523483
290695384
657885065
262693478
518016666
843936407
562513046
316041680
262268585
887580466
313725092
710754753
838031685
717608134
586315704
685337458
512999517
725061059
958870220
140188332
374458647
305147248
667552847
811137615
424483401
285951588
430256801
68461262
496298752
720040718
874374299
516176048
496415484
446019118
701504517
218931985
949627698
197107545
209500190
363198495
682826313
457633657
836354072
739206558
601986333
812827466
727836057
890012516
368710463
663880671
453782331
788621790
549832051
672018715
349251853
708006537
510125617
442935352
68824848
392669817
383735845
396144196
750161338
999748822
300293295
682142878
147756663
7290202
729253987
611074430
611959843
348165333
325324170
188427882
261677457
760417193
380431519
878008514
597980679
247657550
663608018
385582133
142137280
730662863
244012681
522684745
120074856
182277707
159301594
881286615
254014372
117333877
906299155
588818317
246275463
989461268
334762291
899546218
966271774
23803267
694828141
962410310
445155557
426557490
477538476
34209351
970526543
830240804
290971145
394379117
584908099
193559151
181882711
232421639
281131673
416902335
628502168
811366971
500335265
909796820
357452165
105497986
700127388
297666047
623500298
299423017
379444289
106718121
127549128
331505106
367667770
161002443
607210385
601307377
415387812
971852407
55140335
321362255
607466387
3281230
660040605
549286283
527171979
7543304
784699149
623793300
824985096
96533231
417647584
779408432
638306807
7610212
694656369
706230648
539573819
616773721
536117067
714794841
987645481
561510101
424209838
730949908
236427275
342455923
816010766
551789759
492887457
31326691
90182036
82455491
2571420
296247655
566066075
715684700
448835361
721623383
852941875
754436892
991781964
925211806
635499682
40126312
690240170
856465211
48081886
784671225
634139326
533273793
823611669
688842844
916800893
827725528
791583269
222850674
868348626
80580026
787122212
16598769
89020443
427602614
389963225
604662754
947824810
353711280
118740033
677615393
637629509
763109022
395259148
827036383
263274918
299614733
593066781
834830883
145215227
976812442
627791117
148191045
519507047
326902138
827600808
4999282
663983743
666210290
129468526
963443755
365262
639945696
204267028
872242118
577323602
758811952
862243585
773102059
568268285
897348455
357442001
319612184
924262197
311431708
48357845
888946206
965821524
778671482
461916049
668533410
523643689
896850112
651823421
720411549
18317685
308792001
875063108
920511964
478421870
659125860
299704520
186070656
587403839
936242469
494193180
468944766
260824199
955948434
655325513
914059297
321871062
827585486
539315338
278265220
557286963
498966546
456725200
762833688
945335448
99995943
444684350
379238180
717911412
477900525
221902510
269526335
705399336
162018008
710954026
366395096
453948043
908222573
605396340
131951535
513914214
233975753
193139326
830730842
365509880
213772315
460225779
129362625
372754291
207003173
998641324
73947298
894911870
800145086
109584444
131761165
164013233
442435411
929616229
983601129
736752668
612355682
215163296
230899821
152256
345164285
258913433
940637096
436451348
143145549
357560496
693588986
75629186
340529165
22820730
904486553
938683879
99116299
641891389
892814349
326305302
83445930
402727032
599136435
549884246
455681122
163067481
818494270
723656416
923620414
158526277
172175665
620102498
308923229
438427731
713531751
585677694
138032243
372235473
194268299
923070539
721434693
262640830
259719584
412886483
884601904
968686414
566785147
570462099
721724066
294743401
686193732
307598591
434477983
124965933
521590776
329589755
536667453
703091559
653611754
733945187
125737001
372142622
853213501
485033860
95932448
807942920
44447851
773037217
851722359
866254098
361214402
162967919
264461972
779137501
319507170
782273945
14416498
899902524
423608384
711420989
97605921
675357367
347496870
813682796
392993091
235938315
586304688
692565422
919656848
33304999
312330065
637454460
530576723
517345328
864751692
371416260
346252011
982981630
991776187
904493161
572615243
741714333
139858316
994186688
238073210
210122829
370027006
402353684
909429011
205256835
646496809
928387107
375683270
218927717
466808947
372872863
44894166
69925458
313650972
895341742
846515098
387043160
733566643
55574634
805374972
680619452
820140190
248871778
440694780
732405621
843397526
887768343
696827949
774772401
980835881
30082943
116123959
866711631
47893814
490601349
570476628
606464611
484063348
586920327
936160212
949595317
665481452
78944215
926380953
736619842
999348090
249070395
790521754
28842170
375860560
283396974
579406948
257989888
108172915
304786332
535452053
862938542
895005756
661851881
271661664
5383822
365918169
744473323
403637772
455216674
997699273
629772843
517821556
344797212
658605411
850541224
377070216
899281382
750276944
312728148
503373002
19545884
357124108
816828310
334414291
975392781
542355817
89762758
434825932
336007230
938861068
400410548
483803637
399231719
542722030
537772577
794845473
62188404
598224604
898230340
535292471
434236422
452784888
564844102
667218867
436937199
333719350
937293255
412762404
983657017
978385887
463000151
784569771
175879711
86036241
994783741
354712706
196231058
288219965
917312436
341811571
163212726
553547688
575646697
77812572
187186530
446434027
601937662
762825394
93480356
12009843
585121226
907838458
851020859
166015489
583538199
686479954
573333531
169235499
561519394
346335718
490564076
559876825
18864671
530858108
795757707
450634953
210272946
581670889
770449288
808225548
728209783
479211161
717752742
565582727
55873659
62485514
661519711
382279539
762135489
14169425
875415901
569521629
906955710
506743189
784086273
518281766
89992157
428892815
918152416
476266628
390473467
403816720
483157313
860246143
965823980
91809147
546388641
304187765
6882293
744390727
8520751
925105431
771739983
732122238
163217488
960454121
516898219
593948224
218955036
669307334
468934312
596211521
447917791
240886362
593307231
394546502
916521625
154077094
263655896
965574828
565247103
573738624
285949329
740755170
845939831
322128144
940466174
336648426
801264288
950422868
556092932
278093276
182860232
469438365
862550397
915263842
671075827
498962703
587405239
269723709
185772251
936138789
521751029
564131519
183836266
840868139
660903405
84281679
474359618
306775746
361084488
212281064
531234614
113603167
806862117
963161498
6227407
931002572
184115862
506608392
375044296
645848230
549073185
757604584
961408145
860618462
102475328
510427526
444062928
274935096
648168674
137697345
811277019
842727119
262847976
601135117
487255103
447899278
436044456
41794543
504817468
985097656
414244205
882694532
506596679
523223138
435054582
885812090
631878535
276987380
225022451
130010133
602108249
910902187
265610123
67421612
321579212
293385498
197856216
843944233
761986341
793448100
367051113
90261133
530120540
676789252
855803071
909853033
134330525
24260293
787974353
996795750
574832328
314045642
827272072
931682495
911354609
601968327
217764419
75539649
855208929
578095302
412849237
300667986
847938195
273803428
993467778
526548071
272185528
226311313
250461829
846848652
935952692
746388
233197965
841220960
483204255
98245636
983717564
281796886
909162948
540077583
190509735
454276085
879105061
194000951
35407576
243799257
986746997
924718032
341801551
130410416
258994972
339362180
872572412
887741949
640236215
471634896
563321158
383609177
341431446
706652036
625794696
435406317
393285948
549390406
766955407
322146554
996873442
286572815
957620254
772212049
952102388
810049709
660312682
593123803
131990931
602482752
783561117
711412242
795393554
887503293
444403799
981450885
247328633
375527533
248757032
388319576
747790340
691743599
859661080
105092290
646467748
45430322
766462496
757329294
80833405
533174012
604952494
394261915
576190567
9964390
864016677
955899996
643910510
168529630
523716186
810056536
636627794
548210979
615409176
769832618
385144839
173509324
161624221
567566210
324630838
788288450
371411994
563287715
101608634
51196353
565613367
575461603
56370468
693273819
38000525
558110126
386774072
821269493
159163946
950057347
399984493
192041800
122241553
252234357
272420977
66054881
394141880
346364076
959854499
156155682
82506888
908154594
966071447
582171455
750618464
967266534
445783189
795755969
32651537
126378524
811416346
589954823
224764387
113753595
91596373
705415616
991355151
900345997
405537196
290858866
918800708
742385395
609189429
453580534
415428899
196871647
621701437
984429305
257018306
8796696
443921092
582585980
410175789
670060793
779477503
176658773
630729440
631134450
495256021
902900396
613274190
133413381
64011107
936664960
8660829
224383050
24527480
424079135
883690215
677111404
820236313
260292017
659998523
67009578
41795326
121508014
54640282
31685847
576279571
482561891
617395642
566144474
616521464
549165937
64921671
692129071
206173825
120502094
508421469
273551844
644542774
924461251
571249167
639061661
565779413
727949676
608339939
862258192
569008588
268625722
669290836
291842442
646945215
157475060
763564111
273541992
543703560
708228274
126348470
253155743
28594481
638950497
57429216
228529204
967389308
320405058
163792918
262186948
867481180
841097067
717955352
453374462
181485305
962233924
559020182
404111908
162679984
739971339
47897527
423422350
400760464
433893457
566208662
1741863
96343263
665017210
494021312
510229742
992081811
501523777
538210743
467316342
754769625
415810098
446330226
981385574
660123025
765549358
769989339
675940601
740871632
773619691
345746512
140773759
913383261
381649265
949507106
584845531
305244212
865207966
18370841
971122435
784352007
122500770
56163565
249423491
331987896
404212612
147127503
529990906
829492703
52910747
740893662
954001820
50615626
39089430
257915314
818157998
548551800
40769653
364687573
562056461
323504413
306320654
834492741
491397799
236449954
989502601
100251891
391326976
731124898
515628131
907951175
9773231
549812590
637624431
465545882
997090015
928686730
391717200
584133306
116911566
297297709
502786305
533748586
24279889
33127621
664391501
253056991
685103438
904645488
123552343
158571076
68822592
120384644
789392148
378915383
367013815
554646280
554661836
167497034
979706581
999192121
692048540
299402627
494250195
744968199
546109431
640269276
90726778
902546325
465535264
589118659
643925930
985575868
766762162
259103387
361257942
362211720
580132120
269732922
467360389
962217145
22682901
416171881
631517395
77816388
991035965
460824423
70786286
814975184
667179386
725396326
412630682
955404601
658986889
960900364
76451757
370653969
531083642
798385395
384132244
464180505
494839091
643317546
235926220
771462092
365252078
677164466
167665002
302379477
538608310
409654529
514491795
396542612
863098606
758173315
995057412
615788189
858105546
979973908
681159820
382285369
505923028
77675911
993733261
942020579
712161640
203563298
819592063
668116684
159392057
274163231
320018541
33001815
356745162
422471213
305024374
609196446
617206517
169339117
979157581
405231083
169107559
61654646
564152505
805661504
289423906
511607250
935658261
572265424
34673914
565690238
284588753
839353219
467622681
690249197
933144304
913271926
77011067
834678789
716506760
677303672
773323634
944782753
372167493
36301454
773007651
299474958
448645095
228495728
407134727
860060302
362625727
43584011
883055212
288266968
454260790
205623037
46612209
932963222
113154373
963930651
847611149
668517093
323678718
846060270
622840201
463438041
131224578
319722802
685059841
358753782
233617673
3589974
792206951
997029304
619064669
421025023
473226624
314231052
714673759
219406212
139102053
983251668
637015809
109877363
309705987
114097767
542422090
342048779
375916444
54305807
47939029
737120704
88441156
816201610
481610834
906892987
73272676
630655625
162199555
495752791
568325435
242236724
511276864
27860133
302508632
52194980
426251508
466980072
326607136
924684135
848084254
714885146
356713294
43330048
965911890
636122469
155452526
5085028
558281525
634228395
658161762
23818622
291540740
55936255
704050142
265866668
836862477
720845097
781176043
433095488
818156852
403472422
812641127
284569087
124277615
14584741
320316803
405502117
236341835
485240459
721910340
829897568
749245541
669270896
611517443
933380177
140760050
662242080
203825389
838351374
603556663
424477467
49551747
276806690
472625938
905859094
315156251
436920715
987467119
428242040
507375709
995832123
820740051
780567261
233347015
106475160
809633237
833003670
591160874
825693692
11538336
903130151
465906986
891089205
271437427
300471752
896362434
10335238
659289377
816908773
456184510
932285605
811231377
387940766
527638335
69857851
142788671
861120839
527774011
291584871
717000377
944787688
810788858
327558843
667069474
185907390
86983834
802330942
33831091
406715833
278612620
499587816
597793589
667529212
350664212
744888105
462578056
966132065
910248141
872247138
762189088
248383986
99333667
567316329
879750018
571966577
845253591
434971146
527356619
457960145
513411198
908297601
259334698
814047930
793145347
189090817
373821537
209629193
638134816
396166704
448835143
201622349
321655017
156913577
849004361
166616651
733742401
59091321
959269861
287531643
196812131
466049186
799606318
221179273
987214683
697736859
794514507
241601493
383288202
776185293
581229815
418059508
520713509
373539864
692980226
843453485
331618998
441736012
34810574
449780476
523390106
687423921
606116563
738114450
434551169
23535743
207718940
750611283
561451762
578732134
731075528
71459671
609330116
839003656
307230347
542651625
903259814
712281722
60646698
637581835
786268312
17127878
677252354
238578160
783623023
129943916
917697153
173264257
721360469
954648285
30808491
604803545
666428487
739245054
10188439
288606920
517171861
937522091
892027887
102626644
742142309
312479281
709597555
342534707
242196529
449655763
596128887
329894483
848894532
417695046
260275297
133358418
543357761
926064181
475291436
21182470
442413981
628086205
562818024
719184118
731106591
372392690
347290935
125295327
812178791
56104281
127505361
714395440
175507044
977319276
492061441
471302286
113785564
152751385
500237606
690868561
840348393
686139459
349409331
986991621
10922614
350293311
239328303
776213994
151631814
279138136
387401653
666304885
924416493
93954380
419797109
660683469
59379541
928284109
256789426
857149006
481013818
104482817
842564291
652088585
604362030
616735746
117473170
834784578
289764247
767443806
251275551
62789872
350729260
410338712
769767934
34211393
499009915
464304294
239128276
132987412
991915622
736210801
34305246
639805565
284888225
427302488
311289451
21772101
327465269
119469485
108842333
250994279
968684801
427967030
986013611
110400147
819726644
849267117
955087330
100743087
402984404
389879617
715629472
87522641
626549306
413726227
392893976
511542086
585075091
892672954
105537681
654300175
220445537
965120191
975474918
183021407
98610168
257424161
91183623
90259102
86304001
815102674
772675190
300240744
136370683
158925880
39044300
105988111
311406261
342077102
478751282
952422421
919377877
540339457
677385448
858944691
506446164
643137011
529855169
303478613
782122751
953820859
971540388
798652443
558885623
478309250
126665741
165085785
761744434
143234536
178828683
526026008
104763641
23909757
745375551
307968915
132371816
880156232
723900515
864243643
498794993
491934532
22772929
336637108
80222168
111340254
253589815
370375510
247001528
254237560
11242554
302427308
21134333
672354281
47192655
124971640
15955817
563501051
457350292
974753709
701555600
799076587
280662325
616881908
972896603
762561005
43619832
864282408
477028232
127234725
180934322
60985817
320777512
261003183
952628175
789082573
498867232
111550744
80910542
544919930
391820200
597201635
607426
28754829
155986127
514145669
806382802
688451943
716658934
516493928
666671801
77950874
717478992
39655020
707727687
425981552
381248105
636476514
613705951
78906469
62785180
932201359
473294328
193218216
235925658
944472623
455174044
109155230
308284650
836761072
168022507
290946399
980806500
463534706
521994393
34028599
226031029
356350413
754101611
195537190
817231326
330109195
639053502
971770977
384361140
687684266
569670145
349439951
959048290
514810140
23067190
882816396
813288674
125632839
105493621
114357865
399867016
566908165
492613225
724211818
571034744
148189092
299077328
678912326
921693482
567571559
584711679
946921195
976806637
261534980
472543324
360582647
39337057
191675428
266961123
417041473
354120956
193740774
285937057
791349070
544293254
42192476
326405692
494076124
961855644
847875084
288131689
360520538
418558769
315193456
58316404
92777070
79217417
85737078
591088572
958123374
106967356
41623809
429481269
404049383
595116729
766015847
63425508
230805530
647551168
753240561
985640294
104244089
798233446
892085342
562867817
698580783
471311381
560277088
540332337
246934165
540470794
782086686
417350165
676751805
486838997
407314608
75406847
494658539
190360285
618961574
424901872
819053079
80232921
747575425
662272634
437391725
787386712
568132919
512215619
373110221
766810938
798827188
795928201
709222476
27811380
380843604
711538328
180292528
213904976
605290346
309483862
847809784
333273450
960176573
153024440
71732690
364940725
836668933
917304650
729285410
850806324
679524466
212498091
890958210
393006401
221044005
307097614
86870972
35387658
312541365
176519098
982263122
41740815
577144492
473942155
961570551
105991077
335115271
438320751
819195155
277142646
302241210
355471081
778500675
565603582
65336105
442085778
817976279
798393360
673857200
654551187
735659090
713050447
640222748
295577901
267651054
293925301
432186671
186701361
981159701
898028559
61840416
421787272
28409064
961504639
787165721
423759788
435552700
684691449
461397432
713419308
639331224
475698375
109066126
67141164
109521592
424873733
532812963
52748259
776679950
206591013
508905200
24727580
204804540
870886509
541024227
977816246
795032986
629571444
513413343
472546596
268552118
453807272
584781241
713931501
814653135
278934475
205100348
165708844
923197146
447097713
241434533
584045073
75960701
655577987
189919016
274509151
919397015
431456704
642459754
272782060
584485046
272661559
815719685
695101988
780755870
681874894
95663111
748331910
838627017
989388478
70687347
623151910
469349345
409116436
603058622
38452009
396222280
863276338
195809363
251383372
890396817
84273740
319191056
276224605
385691908
949679339
150219975
769597120
573608990
438652781
937862846
529496812
994315791
966821507
331908399
806561515
302054458
790631858
491558089
763348958
864350648
436602835
151303725
174206583
135151573
989937555
993893489
132872573
479527570
126556148
86324640
565239371
578455841
728582346
323960632
945540433
367913068
141541182
114977963
274146961
3132815
5914190
738052576
2356771
642813529
677165899
980490159
173825202
451879375
407168602
101571687
23663613
346000041
150691060
957985356
692567895
382953939
266758758
819786769
943548455
778891501
790437969
877313379
255564905
600718027
730215723
814658398
709680427
682571254
511577788
728758037
176874769
170242857
134057634
694953998
971253457
686142933
777184462
902345924
278717368
246238877
772828165
306510628
878887971
129509339
388169311
390543632
497214983
361050649
62321099
361199839
123019625
341629593
119464074
856662490
245960934
601760718
857375663
761416896
615888429
617377248
758278566
821601860
307861120
409220396
87600809
724258698
723924279
101849794
694182732
315560110
44262973
151667429
245105395
774237501
663832209
836223886
840224342
799152313
751699142
101453033
82984452
975699225
889286531
990370263
727025373
428377927
793086979
303299178
568658583
723184032
486852246
979761772
247107130
441380472
459160863
682241497
758956196
625375379
176099732
46098784
211715846
515223981
355526785
75900134
809520996
993832179
200673669
932028419
615888665
719494536
991709652
643985538
810552657
353811713
560744115
811606757
280937357
516120041
417205247
434960096
484717090
375092286
176427686
421629401
932342458
565619185
352483116
726926190
816013010
569817962
18855976
860629487
307878970
14356482
27260613
702083296
482698137
485706375
909337409
379107192
553734374
974211004
970699633
361596709
548112368
403827926
906215227
77177861
247107287
888154112
778248474
377587054
699953808
866056920
104029342
91217000
628691301
583060720
229060329
846387757
259489651
504511566
276229428
849024688
146211114
511420396
797078344
977129747
358496209
886456376
418514437
535039023
398764031
393952149
929423838
658370320
885773347
304597208
391578458
788494711
890044669
64736205
799883157
8323158
5859874
832098224
720207037
191284311
136189564
727019956
617246358
630729814
609791687
197631359
235990262
988895714
433162262
224401835
332182602
436636608
686071372
863944774
853195279
276958824
206194339
886473555
218029402
798752389
529961001
112024904
490689360
364879737
78962749
961648014
335364526
304640472
837709591
762904836
103470915
575100904
486221373
494643837
354967665
189644839
650992911
448651581
813836208
288890821
115561276
890908543
773493259
880098598
667588938
651461874
477942689
303284321
15896850
646488375
372205605
334343107
450768962
624878181
708604254
892826189
970032346
246662021
711632295
507875890
327865775
101174551
340275312
337055066
308016874
10908555
567272124
709963234
755949706
576504264
700876193
533167769
349068510
837330857
679939788
990596485
955543820
769353851
76809978
87909980
224091021
985123712
447132287
893880587
718816430
984078959
479935427
644172850
796627729
688010738
821152192
378824102
826520618
41628710
469887109
136995566
439604931
28717854
495424950
153861062
72962424
233147233
176936202
435473055
995529019
397905000
44892875
970898205
387940305
110104865
766909018
988349080
234743891
988754030
637627049
113883291
156713390
135910822
201466047
620330856
55791396
806048531
656718903
863854707
249326792
662771315
726309825
712007394
471070726
820564343
411892127
599862803
122338329
334304839
273996841
671560214
738005139
302327292
535620682
100811311
89805785
938238756
673197569
625914197
591525796
565134914
634774242
26395317
470885249
136246347
858598034
240655408
384203601
663975210
405765454
127068377
612429770
562662461
443777636
784308088
876282101
480223445
666310328
265966858
540700334
423563450
907755840
994386238
104295207
32383141
781398409
179732217
682434404
37835460
571883056
551604947
845985728
653255482
485842282
927161753
398958183
16418461
258179964
591574217
170568154
487145078
208602948
262285592
382271855
672289732
266326702
982611183
648630223
388493689
127839551
633970922
251727221
331532539
25144462
489737304
328283957
766946468
256073414
146695101
887514803
526000706
735374118
193313107
882600168
819966872
990254209
189000069
840680097
684783324
424791486
200813939
159903999
486241591
701809241
30366577
210804728
953907016
567368928
478442887
114466516
190005665
37745014
262777843
744558257
51074376
394311252
717182370
829332735
391075896
743098435
545208507
946324485
442603997
536637731
954554644
361256795
895853979
234423400
960237243
828644461
723529032
568521623
558108270
593431294
289925038
576550605
780888611
269536163
866002186
394213689
559546753
375553604
118074255
668558237
742524005
795355807
48604643
558914256
909991262
546391748
122823073
11353663
461757489
960634266
13056982
356388456
456576598
825560409
44527492
126144350
761141625
626792973
1834018
418982728
82812411
107830297
705605657
174437601
871471470
869513394
331684169
81193465
33353500
541565536
413925762
222399474
927079552
444016000
123597579
178828868
76910539
193822405
513134367
100179706
548287585
427511218
913133675
350883124
948684634
423754018
204910994
456863139
143313410
461074368
249337257
225441551
628821080
347659919
958572218
225715924
310787987
818083172
212714053
458841952
40123032
419297639
202634682
755057335
259064453
660122005
896777473
200953584
490420522
415607617
74995955
414164661
379606410
107854478
515696606
861789638
13013599
846926070
688066052
468453751
223813267
185430471
715266589
422575918
103877575
802051233
515428817
436189926
944780496
534664185
471345726
969895855
751381557
777552281
492894328
576990763
444865203
142731037
718309892
649324818
267606457
73592440
251048284
356842927
971754989
839602797
604858478
704427617
642948517
351723798
580399901
401572635
406659438
986632289
493422014
662893028
811086984
968112269
493092764
473703767
929638247
934941874
379471221
297437989
90777140
314753334
45519867
704908942
818828618
900538457
356435540
555890412
533399482
362516650
515132570
185384488
791267784
127767439
405998171
856238402
529028460
373347777
45523226
118109902
468073681
462733774
941370061
931893105
271416537
226668181
954862173
401463400
475497367
818286029
938423849
775768066
190658260
396397183
465996931
527527969
343130763
531022215
610563121
347992765
552368493
298468375
349034221
342403168
1636701
918756916
850712038
729333931
556332532
276718392
22359613
642044624
192156415
908910158
788749704
524681750
469681916
222245112
785186899
336457816
79353249
759543180
335046298
747162758
122156629
232617907
135091280
278234402
755358901
361167081
543900635
205096133
852848912
371187456
79078038
534312088
774461675
376645277
56073037
68655323
562817918
133006265
566148293
796056417
719159349
70699041
52255793
233338385
35156272
699862007
984799678
938586983
98858436
410665007
764092680
995099378
56798455
785573138
441611171
834099667
614481416
624224446
916679059
407026500
148554469
744245668
551243220
862853391
568201906
83647241
170289362
479571474
286112841
966227334
19151602
751706306
429975221
879081864
58188552
500517797
759365557
644949456
28183262
875727830
434347071
454771188
304066996
901032324
987392763
157025501
471355066
536816244
254746820
352244551
683734936
241619579
859449131
612382787
727693543
926068741
406908147
908902328
93822133
297023633
416690837
808341726
289059588
967447346
612339389
699645122
164147275
567477007
464938188
949944517
132747764
660263907
295889749
179652381
808818909
356810367
868788384
565020498
760582103
666794307
785847593
926027970
900364842
880329897
250069026
689960222
601891855
678249402
601621485
729559787
571540788
87268502
351308451
210898433
570749244
978968817
306207376
60031503
867237948
535933584
90850996
515261205
625426751
812522960
180612931
415944681
209401539
448822304
841310758
258738867
690156346
201598082
394646904
269187953
443049866
502654478
406265866
620960884
352679309
81598063
835488224
267373792
123857041
526086243
160455857
314229040
919328729
841548863
884429419
961600944
160866074
27259497
607248813
62596353
762840831
480760285
105166411
815567000
956358566
658884264
76453325
564564799
717948705
529943664
43288048
126686099
150409206
644241642
375931172
267229829
609292192
470389858
799631628
507733977
643222283
986345527
201679105
34043562
421336347
897357661
495234192
591157219
882976550
507333337
317236727
600669895
321101173
952770632
760064684
550027115
19855303
778483288
606202838
328405815
752323534
481878861
66150609
18895208
46440368
81216894
648189871
567684497
845637256
954376661
882132402
64055829
285821666
848859219
96356307
890624687
496106819
542577802
914843454
802642154
646958238
449945120
531864019
254451881
960134368
268503379
309441190
822066336
811323237
33580399
237924480
512485081
654523264
849491290
169555548
985744177
674729720
240955401
231755755
794268120
356805765
487751432
580758545
921794517
796557399
378157302
798694757
458876287
570951823
568655366
438969525
635375876
438272452
360216703
701686655
436000998
603568000
312414525
591261305
508192377
704233664
579758126
623555595
877693543
549556856
98634965
91155664
400089389
610162700
814566091
654931480
180832667
655816664
521137721
880383081
97605975
184229289
358358624
782588921
111564634
468577601
729076241
440462645
834863218
506179799
820244021
541059901
611191743
19634581
636098118
133885030
958630198
257468953
534704339
422977719
238705184
826167028
982219776
645676141
154343324
248776494
314375172
523190391
146805017
441099968
900455338
239465210
429527261
852900632
394864849
149729742
764465281
763779480
264562412
67584255
587940723
944447512
187599746
353121613
44566386
984478047
464914606
519389868
941581589
441194414
945695648
815661253
441460293
826040118
261099803
167398259
768911550
762150557
795652597
728897863
142780050
930707325
735390618
721266180
275053222
555417828
635955849
777284900
449505587
728441301
269438678
96523346
601033799
854852549
191961766
448855533
861127745
646347551
497876150
725411723
915610200
558502849
635354324
825583220
107310357
829580157
540701284
766014498
136173780
693838489
406661853
769188552
115619399
862213711
724379721
922568
22945011
587571021
834549705
363672123
229879217
743970358
791071759
822992238
100091182
478613024
935047650
278915935
961224299
696370452
363714717
923929924
757223742
943753361
457634480
484795908
42985167
325957129
690249757
372532923
179841565
471176546
605946108
280671034
368434294
561976695
573868536
885807749
883312130
810610836
774732496
638542676
586822201
678977277
628819159
364051603
899811432
65022312
294018932
557559778
322407985
879457150
466442403
53369877
560824839
791634527
87674738
708937653
17319862
703913755
950944901
949129597
133199065
529445177
905864338
163753182
468069729
620120371
873921766
647850620
609076757
264406776
573550558
447863470
730946317
511563370
465853807
123785218
78725174
451992541
478931870
587957686
953398737
739251358
729758472
394180672
350437620
436472681
464445788
41672648
364610055
940975346
595351004
86006440
28230984
148496989
594219488
163382259
97719112
254663622
990048083
9309675
46121835
174403258
867639092
924558985
694244460
513612475
16516630
878316538
599047383
252945344
963642016
681093404
126683021
315630771
262740493
412222469
584592964
476360689
922247341
290300539
775368196
45835214
717216867
489484413
649043883
127740686
98353957
776660153
335806569
203181421
364926847
622163220
839030853
216308760
813254928
767079718
97459350
663225906
304786700
667633851
430871691
453374800
764784824
287621203
556013476
857304573
136505841
604556194
775670327
586463798
911661989
595179537
134646764
631923183
441557592
897183547
221043264
530351501
597699233
787711857
757186822
644580458
960727979
169492022
50429665
763051348
751967668
449287364
11696076
271465230
153409169
864521861
133172627
302443213
697087528
121830811
405537879
807423676
243520244
584623961
343088397
728970361
891216517
871980743
768829951
707899798
265460733
868006690
931608905
8287256
372146837
57734745
292833118
463952123
111759382
854031249
472352641
598710957
987517792
328695203
949358669
238109071
625508070
128919449
296059949
638128247
629767471
486827316
792314852
50536240
832400727
996970345
644950790
874111224
419832204
300141791
523825277
34678529
949780370
736300658
556935942
477206769
709466943
967580595
370116529
879282531
439319296
955621222
206537828
204488803
264879186
770826243
601568345
657574389
396312138
469548598
370103963
818061967
36680205
693692767
732975757
393954202
834757976
51665938
38274659
177430005
467680506
756287127
873467815
473436274
696636757
611692396
438647221
992373848
525324513
525963198
214944832
441550815
130297513
529546228
199328203
369335
740210380
582436900
821600816
832945793
489833213
693733532
837075740
83462484
275300099
340434010
685516433
63097401
390903097
245804436
245291875
12397999
190311183
823094834
67003836
149214761
329318280
936867406
392082840
469480075
510828474
261152443
363027785
663743153
146831186
747242363
614830580
615037415
902662925
191517255
703817747
966946162
171201855
918567691
94705
683557638
967031888
954810471
837308464
268616525
393269050
340213296
173809222
937963111
705444876
12995565
919172860
450756708
134994538
162389850
162204398
855450572
286709259
631105256
381177614
988532759
79050553
323089467
35259681
429234229
505187669
745662635
993188928
447742216
913673041
548102084
449270617
456357861
577721396
770733510
26364331
895059735
21311897
792906789
739479373
924257883
316147760
761282057
531671975
867232101
897808955
134185680
525174264
174250074
94865426
823219847
464232399
633872980
292464288
133654645
73965457
366710241
695998948
525313936
233351929
392941955
834860914
846881030
635173780
759396914
581224175
207525557
36749633
238061526
531625624
518579
997559991
530164685
589252539
91931335
781675006
236626795
494865724
302819054
373437684
713708149
408478225
334630871
923149258
849048997
229751751
529091176
119709061
660722985
483837179
825648439
487434878
82438948
958810082
622294289
295430370
833991211
482563777
119146870
582282546
182202826
444537974
568513819
522864836
430914301
378680557
781173350
708510272
637947062
415340971
661765110
863140900
304467037
810383431
762769177
356072257
192918604
853082860
192545364
638356795
831651407
396998873
927074270
128335117
230567978
852377825
991336997
221482371
929335827
716450795
521646664
827045310
387311923
419981683
1930395
967312820
31178793
359603207
256291111
336769709
870099335
792161226
514038823
250955719
86807123
921245941
899736716
414895731
511460999
644216401
628511865
615429365
516091794
552530366
675525575
327552232
225495765
198737072
102303363
515084216
883408423
679570092
904725867
632339750
629598289
978251727
502861941
758234056
455333779
726813512
293449032
109120390
353027101
199551961
705631681
57189405
488064662
982964314
234625647
806004128
278484633
782097973
559249176
664243955
381906738
587034091
505686322
117079118
929007974
944728974
731349610
115194304
53775528
357389125
943594784
270586793
568922981
670942155
235540200
439241534
704712569
558756080
211624203
158492937
947972792
685390358
834591493
65948519
51826022
468818101
776182533
987969289
487419583
640082136
148314735
917804915
662452080
765105567
814280285
48431999
876820507
881865147
918398490
15228379
681753559
556690932
980536230
199782279
384735918
382508966
185348661
585116248
966223390
941885247
151174831
671699320
268267928
715530435
87715889
905944548
949637892
961479241
52710027
496435436
549705531
544598139
714726593
950284471
133830795
359153434
671830410
114458812
783268150
321180535
547944915
370789449
760682483
302120699
543211325
351475456
77802604
5417888
926518939
103664982
178732479
171355766
771949685
230946066
214365438
190431263
938891143
66283988
128359854
593388371
181260611
409859467
862013003
977437533
274525771
786315517
432704707
742111900
839221496
673353284
36484854
837509379
256605654
702826315
640217405
803701913
865564197
819501141
935977184
719124985
995322457
166362742
188243614
225250516
765063835
124558872
872063784
428430442
210721095
765580151
356265382
838944277
31008620
411402021
386604082
861625278
550069070
295070344
715258968
550550629
239492839
58736727
242532252
594337438
332181602
531070240
166312947
791112462
622805151
387957701
363232841
524401906
113474482
572612090
825317114
182112409
239576419
128132297
777622105
477437925
865480111
453860110
580181292
427216078
866490182
67908091
930181933
82226142
449058827
167069589
834800010
940726454
13513112
333868341
936995175
127419528
302983607
973196808
983493207
513586331
901296361
514775440
539117799
453221066
522213603
897226785
532618003
453313541
289875724
638396260
56049358
59162830
640722689
434786520
676686974
196730814
68524305
465844300
750008701
198202366
398819009
54840934
95029402
254274510
255094601
422336799
90129046
190208769
309296149
952276036
898535080
661623679
632136005
875746806
464364794
909660097
834949166
792158507
760722729
900719449
575908823
981702188
421104328
159015271
351206780
220755221
740191198
768284453
793308430
280394328
544481635
202924637
346262449
563790138
644188103
794902509
446043196
348223571
90035052
511716938
243558333
841707538
936110375
376087034
862574067
564641080
426729666
305740824
440403410
428915033
479796605
571606739
90451970
748135262
781118600
561204208
75424096
76316677
538901899
980404036
274177916
450508383
531619614
763628347
82874137
539832913
940187986
307518804
532654768
35117331
542742054
209689250
370314478
92127156
817881106
898298956
601900337
621411733
86171776
262185485
316146703
266060009
357060686
544420022
44176335
411563324
741512269
847800999
923034350
785577449
872195013
748787290
667330203
434692769
449063151
765443800
152228155
627618283
682092409
692557889
400041190
103793567
983933190
563861577
752776680
742822250
420969899
779220149
346607937
248199501
110463603
594321890
447595301
924246045
254374364
673113407
321552253
221199877
683116632
399675854
933384292
573910271
59100876
322092199
58649771
24446815
367281940
23090037
493293142
37124681
731151998
547477238
630337309
625390133
980426827
629544831
996328171
795218290
552186417
299252598
470213218
864908960
12048091
450372567
595609429
497908533
133925991
865391279
94138700
503429113
847157991
713916324
619472388
140372362
348271329
166806123
7607277
298260184
388110287
529937744
52981930
9695146
871479456
431806898
581089173
368067863
362873397
89846405
16697400
436053518
3603940
412662990
19966164
588664271
822858745
567375402
962348254
522716271
267574832
339270471
649679229
592481112
506194492
551343721
59790350
493659079
206122051
167393255
235893408
683405644
217856863
697465515
963618424
414501966
328420895
470504630
362030222
619641988
550640388
659139994
822540814
519269757
473627909
849129213
562705624
180274457
350305803
644375325
456122880
945555469
912574838
405794118
539749455
621384803
265580694
517417054
921579712
742893047
687982386
898679642
8044292
258471164
105806853
666527686
831276543
872839285
33572668
888955457
439012424
931694268
482716921
361404670
221313709
828364799
351025619
369464388
37375661
609347262
819743571
310005999
426576124
387144270
744058489
918883565
416286722
141047641
250358325
225473985
834089052
191736923
158655983
609290500
108217690
598180391
974979071
143537375
827392383
958944864
104040501
362972307
30075140
188701184
958454355
507675377
330011221
364698580
954218638
896767202
670008979
551609598
441822737
456765920
378680336
453497202
468457337
297887866
939205334
408660090
360947546
172667604
867898657
585185074
712617144
254101285
738482656
633539341
857981327
679479864
968138040
209096270
687999820
9601516
492797185
306339983
575970130
184463796
296894791
570929981
796201334
83544855
507855562
100896282
589446787
519900720
770449790
912848826
164209847
249211951
543699724
634323462
63163460
631431127
845612367
955189437
629685711
485043198
86270168
47741422
274526452
531492368
719884139
980788351
685911745
465445516
448458367
572425897
242954295
299466118
153942978
789257849
854490828
915264803
117787027
41305681
325782763
352698400
254373254
223697253
173619314
339688523
850572003
183501374
365732147
548062472
132810535
938372922
197625716
109442510
904504449
555115274
729721967
250560168
246286423
476219187
98533586
739244724
595541951
282652814
898461504
132549287
685288966
59067848
6176975
198677319
694569772
830768099
387829640
26309103
327544422
154309811
427640554
19900175
442565787
754683233
137905767
234238121
768807144
946769643
991289829
375957205
279004444
947094690
77360190
729692222
974636092
836206251
190356417
870940323
919488767
833207423
853422255
693021527
775394899
637509483
58102207
958460353
952493527
889286416
962981530
688955357
308372576
612394980
888560223
260051129
979529844
77493679
132555297
417017
10778322
236985871
515086692
6929748
513451239
46379765
271759011
628245268
107602778
666253606
853897165
210078873
266232961
883977402
194374851
221539287
60910314
199774624
546484700
148815059
194728916
822241817
594882146
77675051
733096371
467701048
526445330
363207563
710128303
486261097
622140575
863242808
937183013
817684199
723885616
886791561
841212964
791953475
275147741
947501417
669302770
323856100
989485878
160795351
257087109
211035010
84831677
812525670
829636106
111384233
681374567
11063997
988114785
413765437
392635678
891513111
579286175
821455600
496970562
555330500
589209995
966399693
956324899
211497127
726940193
240470961
672917641
334546358
271003410
494772941
80858157
130140029
226533954
942018085
853702205
220152731
846356809
985978132
207893979
257426756
865639923
900046534
339959967
135280061
527417536
865965244
427353360
503280867
576503140
651712843
173574447
480423333
12922696
999754269
515874029
766856325
497653767
219074223
238762159
598852122
586914802
497192657
503701457
650008465
695008396
242395434
455313185
428092199
763627791
132428209
130511199
611487921
797659877
567088693
96386500
910269461
526959664
598844118
955590264
572911054
593978947
354602121
859349785
767785836
385260070
168433048
433741115
173924370
